5 0.303125 0.440625 0.0296875 0.121875
5 0.1171875 0.509375 0.021875 0.1015625
5 0.2125 0.478125 0.04375 0.1375
5 0.290625 0.453125 0.025 0.1
5 0.4875 0.39375 0.01875 0.0625
5 0.503125 0.3890625 0.0203125 0.078125
5 0.459375 0.4046875 0.0328125 0.1015625
5 0.5203125 0.39375 0.0171875 0.06875
5 0.53125 0.39375 0.0171875 0.0640625
5 0.8140625 0.315625 0.065625 0.28125
5 0.840625 0.325 0.1125 0.55
5 0.765625 0.353125 0.0953125 0.321875
5 0.4078125 0.534375 0.2046875 0.921875
5 0.6078125 0.471875 0.221875 0.8953125
