5 0.2 0.409375 0.0453125 0.128125
5 0.1359375 0.396875 0.0578125 0.1859375
5 0.1015625 0.3875 0.05 0.171875
5 0.73125 0.615625 0.05625 0.21875
5 0.8546875 0.665625 0.075 0.2734375
5 0.896875 0.68125 0.053125 0.2609375
5 0.2953125 0.496875 0.0828125 0.384375
5 0.5 0.5765625 0.0828125 0.3015625
5 0.546875 0.590625 0.065625 0.265625
5 0.603125 0.6125 0.0578125 0.265625
5 0.571875 0.60625 0.075 0.3140625
5 0.38125 0.58125 0.2515625 0.8046875
5 0.78125 0.703125 0.1828125 0.590625
5 0.2515625 0.55625 0.078125 0.30625
5 0.659375 0.7 0.146875 0.58125
