5 0.196875 0.559375 0.040625 0.125
5 0.134375 0.5796875 0.0515625 0.184375
5 0.1 0.5875 0.04375 0.16875
5 0.740625 0.496875 0.0484375 0.215625
5 0.865625 0.484375 0.065625 0.271875
5 0.909375 0.478125 0.04375 0.2609375
5 0.303125 0.596875 0.06875 0.3828125
5 0.5125 0.571875 0.0703125 0.296875
5 0.559375 0.565625 0.0546875 0.2625
5 0.6171875 0.5578125 0.046875 0.2640625
5 0.5859375 0.565625 0.0640625 0.3109375
5 0.3984375 0.6203125 0.225 0.7578125
5 0.803125 0.571875 0.1609375 0.609375
5 0.2703125 0.675 0.0671875 0.303125
5 0.684375 0.6140625 0.125 0.5734375
