5 0.26875 0.28125 0.046875 0.278125
5 0.146875 0.290625 0.0390625 0.290625
5 0.315625 0.309375 0.0484375 0.25625
5 0.459375 0.334375 0.0546875 0.3421875
5 0.3234375 0.41875 0.040625 0.2921875
5 0.490625 0.4234375 0.05625 0.253125
5 0.23125 0.434375 0.0625 0.3359375
5 0.16875 0.4375 0.059375 0.33125
5 0.3515625 0.44375 0.0375 0.3
5 0.421875 0.446875 0.046875 0.334375
5 0.78125 0.471875 0.06875 0.303125
5 0.584375 0.4765625 0.0390625 0.246875
5 0.5375 0.503125 0.059375 0.328125
5 0.628125 0.55 0.1015625 0.34375
5 0.71875 0.6 0.0875 0.378125
5 0.7796875 0.6125 0.028125 0.309375
5 0.36875 0.625 0.08125 0.35
5 0.271875 0.6265625 0.0984375 0.38125
5 0.809375 0.63125 0.05625 0.3640625
5 0.6375 0.634375 0.0765625 0.35625
5 0.846875 0.634375 0.0546875 0.4
5 0.715625 0.659375 0.0546875 0.325
5 0.509375 0.671875 0.0671875 0.38125
5 0.578125 0.69375 0.06875 0.3359375
