5 0.7140625 0.23125 0.065625 0.2859375
5 0.8375 0.215625 0.059375 0.2984375
5 0.6703125 0.26875 0.065625 0.2640625
5 0.528125 0.328125 0.078125 0.3515625
5 0.66875 0.38125 0.059375 0.2984375
5 0.503125 0.421875 0.0734375 0.2625
5 0.7625 0.378125 0.0859375 0.346875
5 0.825 0.365625 0.08125 0.340625
5 0.64375 0.4125 0.0578125 0.30625
5 0.5734375 0.43125 0.0703125 0.3421875
5 0.21875 0.53125 0.0890625 0.315625
5 0.4140625 0.4953125 0.05625 0.2546875
5 0.4625 0.5109375 0.08125 0.3390625
5 0.375 0.578125 0.125 0.3640625
5 0.290625 0.646875 0.1125 0.3953125
5 0.2296875 0.671875 0.05 0.3125
5 0.6390625 0.596875 0.1046875 0.365625
5 0.734375 0.5765625 0.1234375 0.3984375
5 0.2015625 0.696875 0.08125 0.3734375
5 0.371875 0.6625 0.1 0.3703125
5 0.1640625 0.7078125 0.0828125 0.409375
5 0.296875 0.70625 0.0765625 0.334375
5 0.503125 0.671875 0.09375 0.3921875
5 0.4359375 0.709375 0.0921875 0.3484375
