5 0.7 0.2 0.078125 0.2890625
5 0.821875 0.1640625 0.0734375 0.3
5 0.659375 0.24375 0.078125 0.2671875
5 0.51875 0.3234375 0.09375 0.3546875
5 0.6625 0.3546875 0.075 0.3
5 0.5 0.421875 0.084375 0.26875
5 0.7546875 0.3375 0.1015625 0.3515625
5 0.8171875 0.315625 0.096875 0.346875
5 0.6390625 0.390625 0.071875 0.3078125
5 0.5703125 0.41875 0.0859375 0.3421875
5 0.221875 0.575 0.1015625 0.321875
5 0.4140625 0.509375 0.0671875 0.2578125
5 0.4640625 0.515625 0.096875 0.34375
5 0.3796875 0.596875 0.1390625 0.375
5 0.296875 0.678125 0.1296875 0.4015625
5 0.2390625 0.7125 0.0640625 0.3125
5 0.64375 0.5734375 0.1203125 0.371875
5 0.7375 0.540625 0.140625 0.409375
5 0.2125 0.74375 0.0984375 0.3765625
5 0.38125 0.68125 0.1171875 0.3765625
5 0.175 0.759375 0.1 0.4109375
5 0.30625 0.7359375 0.0921875 0.3375
5 0.5125 0.6703125 0.1109375 0.396875
5 0.446875 0.71875 0.10625 0.3546875
