5 0.246875 0.45625 0.015625 0.0421875
5 0.1484375 0.478125 0.0234375 0.0953125
5 0.3359375 0.53125 0.065625 0.3609375
5 0.515625 0.503125 0.0515625 0.3734375
5 0.4796875 0.5203125 0.0734375 0.409375
5 0.6921875 0.496875 0.0640625 0.375
5 0.4609375 0.5375 0.09375 0.484375
5 0.8359375 0.4953125 0.0734375 0.409375
5 0.7171875 0.515625 0.084375 0.375
5 0.384375 0.56875 0.1328125 0.5546875
5 0.778125 0.509375 0.0859375 0.3984375
5 0.64375 0.53125 0.090625 0.384375
5 0.5546875 0.553125 0.1109375 0.45625
5 0.8953125 0.50625 0.0859375 0.4796875
