5 0.2484375 0.43125 0.0140625 0.0421875
5 0.15 0.446875 0.0203125 0.09375
5 0.3359375 0.515625 0.05625 0.359375
5 0.515625 0.50625 0.040625 0.371875
5 0.4796875 0.51875 0.0625 0.4046875
5 0.6921875 0.515625 0.053125 0.371875
5 0.459375 0.534375 0.0796875 0.48125
5 0.834375 0.5265625 0.0625 0.4046875
5 0.715625 0.5375 0.0734375 0.371875
5 0.3828125 0.559375 0.11875 0.546875
5 0.778125 0.534375 0.075 0.3953125
5 0.6421875 0.54375 0.0796875 0.3796875
5 0.553125 0.559375 0.0984375 0.4484375
5 0.8953125 0.5421875 0.0734375 0.475
