5 0.434375 0.515625 0.0921875 0.5875
5 0.59375 0.534375 0.075 0.471875
5 0.2 0.4984375 0.0515625 0.34375
5 0.084375 0.490625 0.046875 0.3328125
5 0.9578125 0.571875 0.0609375 0.421875
5 0.778125 0.56875 0.1 0.5578125
5 0.05625 0.5109375 0.1 0.453125
5 0.7328125 0.575 0.1234375 0.6
5 0.0359375 0.521875 0.071875 0.5546875
5 0.846875 0.6 0.0671875 0.5234375
5 0.871875 0.603125 0.059375 0.359375
5 0.1625 0.5375 0.1578125 0.671875
5 0.9359375 0.6125 0.1046875 0.465625
5 0.25 0.553125 0.13125 0.5875
5 0.671875 0.59375 0.0890625 0.4625
5 0.7984375 0.609375 0.1046875 0.56875
5 0.390625 0.571875 0.084375 0.5890625
5 0.5453125 0.584375 0.203125 0.8296875
5 0.35 0.578125 0.15 0.6328125
