5 0.4328125 0.496875 0.1421875 0.596875
5 0.5890625 0.559375 0.1140625 0.478125
5 0.203125 0.415625 0.0796875 0.346875
5 0.090625 0.375 0.0765625 0.3359375
5 0.946875 0.6984375 0.096875 0.4265625
5 0.76875 0.6453125 0.1453125 0.56875
5 0.0640625 0.3875 0.128125 0.471875
5 0.7234375 0.640625 0.1734375 0.6171875
5 0.05 0.39375 0.1 0.5625
5 0.834375 0.696875 0.1125 0.528125
5 0.8578125 0.7046875 0.090625 0.365625
5 0.1640625 0.44375 0.2125 0.696875
5 0.921875 0.73125 0.14375 0.48125
5 0.2484375 0.484375 0.178125 0.6078125
5 0.6609375 0.640625 0.1265625 0.4734375
5 0.784375 0.690625 0.153125 0.5828125
5 0.3859375 0.540625 0.1328125 0.5953125
5 0.5359375 0.58125 0.2703125 0.834375
5 0.34375 0.534375 0.2015625 0.65625
