5 0.565625 0.528125 0.0921875 0.5875
5 0.4046875 0.515625 0.075 0.471875
5 0.7984375 0.553125 0.0515625 0.34375
5 0.9140625 0.56875 0.0484375 0.3328125
5 0.040625 0.4859375 0.0609375 0.421875
5 0.2203125 0.5171875 0.1 0.5578125
5 0.940625 0.59375 0.1 0.4546875
5 0.2640625 0.53125 0.1234375 0.6
5 0.9625 0.6125 0.075 0.5578125
5 0.1484375 0.534375 0.0671875 0.5234375
5 0.125 0.534375 0.059375 0.359375
5 0.8328125 0.6 0.1578125 0.671875
5 0.059375 0.5296875 0.1046875 0.465625
5 0.7453125 0.6 0.1296875 0.5875
5 0.3234375 0.5625 0.0890625 0.4625
5 0.196875 0.553125 0.1046875 0.56875
5 0.6046875 0.590625 0.0828125 0.5890625
5 0.45 0.578125 0.2015625 0.834375
5 0.6453125 0.60625 0.15 0.6328125
