5 0.18125 0.571875 0.0421875 0.1859375
5 0.20625 0.584375 0.0546875 0.2515625
5 0.4484375 0.5296875 0.04375 0.2109375
5 0.1546875 0.6140625 0.05 0.2265625
5 0.471875 0.534375 0.0703125 0.265625
5 0.55625 0.521875 0.065625 0.271875
5 0.41875 0.5625 0.0625 0.2546875
5 0.703125 0.5 0.071875 0.3453125
5 0.815625 0.4796875 0.121875 0.409375
5 0.7546875 0.50625 0.0953125 0.4234375
5 0.578125 0.559375 0.109375 0.340625
5 0.515625 0.578125 0.096875 0.3640625
5 0.6796875 0.540625 0.1 0.421875
5 0.628125 0.571875 0.1171875 0.4328125
5 0.3875 0.6515625 0.134375 0.509375
5 0.3453125 0.671875 0.140625 0.5515625
5 0.290625 0.7234375 0.1390625 0.5328125
