5 0.178125 0.471875 0.028125 0.1828125
5 0.203125 0.4921875 0.0359375 0.246875
5 0.446875 0.5140625 0.028125 0.2078125
5 0.1484375 0.50625 0.034375 0.221875
5 0.46875 0.525 0.05 0.2578125
5 0.553125 0.5390625 0.0453125 0.2640625
5 0.4140625 0.5359375 0.0453125 0.246875
5 0.7 0.5625 0.0453125 0.3390625
5 0.8125 0.578125 0.0921875 0.39375
5 0.75 0.584375 0.0625 0.4140625
5 0.571875 0.58125 0.084375 0.325
5 0.5078125 0.58125 0.0703125 0.3515625
5 0.6734375 0.596875 0.0671875 0.4109375
5 0.61875 0.609375 0.0859375 0.4171875
5 0.375 0.6140625 0.096875 0.49375
5 0.33125 0.621875 0.1 0.534375
5 0.271875 0.65625 0.1 0.5140625
