5 0.8203125 0.553125 0.0390625 0.184375
5 0.79375 0.565625 0.05 0.25
5 0.553125 0.528125 0.040625 0.2109375
5 0.846875 0.59375 0.046875 0.2265625
5 0.5296875 0.53125 0.065625 0.2640625
5 0.44375 0.525 0.0609375 0.2703125
5 0.58125 0.55625 0.059375 0.253125
5 0.296875 0.5125 0.065625 0.3453125
5 0.184375 0.5 0.1140625 0.4078125
5 0.2453125 0.521875 0.0859375 0.421875
5 0.4234375 0.5625 0.1015625 0.3375
5 0.4859375 0.578125 0.090625 0.3609375
5 0.3203125 0.553125 0.0921875 0.421875
5 0.3734375 0.5796875 0.109375 0.428125
5 0.615625 0.64375 0.125 0.5078125
5 0.6578125 0.6625 0.1296875 0.5484375
5 0.7140625 0.709375 0.1296875 0.528125
