5 0.2515625 0.496875 0.0703125 0.5515625
5 0.2953125 0.5 0.1265625 0.646875
5 0.796875 0.5234375 0.0765625 0.38125
5 0.3296875 0.55625 0.053125 0.40625
5 0.659375 0.55625 0.0671875 0.3390625
5 0.2234375 0.55625 0.053125 0.3109375
5 0.359375 0.5734375 0.0609375 0.309375
5 0.425 0.578125 0.040625 0.246875
5 0.56875 0.578125 0.04375 0.209375
5 0.39375 0.58125 0.034375 0.209375
5 0.60625 0.58125 0.04375 0.2078125
5 0.471875 0.58125 0.034375 0.2125
5 0.49375 0.58125 0.0421875 0.2546875
5 0.5265625 0.590625 0.0421875 0.196875
