5 0.86875 0.24375 0.0578125 0.203125
5 0.5828125 0.328125 0.0609375 0.2015625
5 0.1625 0.334375 0.1171875 0.396875
5 0.215625 0.346875 0.0328125 0.3296875
5 0.878125 0.415625 0.0546875 0.3015625
5 0.959375 0.428125 0.0796875 0.390625
5 0.0359375 0.434375 0.071875 0.434375
5 0.66875 0.4390625 0.0390625 0.4015625
5 0.16875 0.46875 0.078125 0.396875
5 0.64375 0.484375 0.0484375 0.39375
5 0.709375 0.4890625 0.103125 0.4578125
5 0.325 0.5109375 0.13125 0.503125
5 0.59375 0.5484375 0.03125 0.2734375
5 0.4359375 0.584375 0.13125 0.5515625
5 0.83125 0.6 0.1359375 0.5
5 0.5015625 0.64375 0.1734375 0.675
5 0.9265625 0.775 0.1453125 0.446875
