5 0.21875 0.6734375 0.353125 0.3953125
5 0.546875 0.56875 0.2765625 0.5171875
5 0.9125 0.3328125 0.125 0.275
5 0.1125 0.359375 0.159375 0.10625
5 0.065625 0.3 0.04375 0.065625
5 0.109375 0.309375 0.0765625 0.10625
5 0.175 0.3234375 0.0875 0.115625
5 0.203125 0.315625 0.0546875 0.084375
5 0.2203125 0.29375 0.0546875 0.059375
5 0.2484375 0.353125 0.1109375 0.10625
5 0.29375 0.33125 0.103125 0.0890625
5 0.3453125 0.334375 0.04375 0.059375
5 0.3421875 0.325 0.1 0.1015625
5 0.340625 0.35625 0.109375 0.0546875
5 0.390625 0.303125 0.0984375 0.1078125
5 0.578125 0.2578125 0.0515625 0.0609375
5 0.6125 0.253125 0.046875 0.0875
5 0.6625 0.271875 0.0640625 0.1375
5 0.709375 0.309375 0.090625 0.0859375
5 0.625 0.3078125 0.0578125 0.1046875
