5 0.16875 0.3375 0.08125 0.165625
5 0.296875 0.259375 0.0484375 0.146875
5 0.0515625 0.634375 0.090625 0.1921875
5 0.1703125 0.590625 0.0671875 0.175
5 0.8078125 0.615625 0.1140625 0.28125
5 0.728125 0.325 0.05625 0.1125
5 0.815625 0.315625 0.040625 0.06875
5 0.640625 0.2 0.0421875 0.084375
5 0.66875 0.203125 0.0453125 0.0828125
5 0.715625 0.2171875 0.0390625 0.0828125
5 0.7390625 0.23125 0.0296875 0.0765625
5 0.7734375 0.25625 0.0375 0.090625
5 0.7859375 0.2171875 0.0265625 0.0890625
5 0.81875 0.215625 0.0390625 0.0796875
5 0.8265625 0.253125 0.034375 0.071875
5 0.85 0.2328125 0.0359375 0.078125
5 0.88125 0.259375 0.040625 0.103125
5 0.9015625 0.234375 0.03125 0.0828125
5 0.89375 0.315625 0.0296875 0.05625
5 0.9171875 0.315625 0.0234375 0.065625
5 0.9359375 0.2890625 0.0421875 0.059375
5 0.934375 0.3203125 0.0375 0.06875
5 0.9625 0.3234375 0.0328125 0.078125
5 0.975 0.325 0.05 0.0890625
5 0.975 0.2625 0.0234375 0.05
5 0.98984375 0.265625 0.0203125 0.05
5 0.984375 0.0734375 0.03125 0.08125
5 0.9484375 0.040625 0.0328125 0.0609375
5 0.965625 0.01875 0.03125 0.0375
5 0.921875 0.0390625 0.03125 0.078125
5 0.9 0.046875 0.025 0.065625
5 0.8875 0.0671875 0.034375 0.0625
5 0.8625 0.0734375 0.0265625 0.06875
5 0.86875 0.046875 0.0328125 0.0625
5 0.84375 0.0453125 0.0234375 0.0703125
5 0.825 0.084375 0.0359375 0.0375
5 0.81875 0.0375 0.03125 0.0578125
5 0.79375 0.08125 0.0296875 0.0515625
5 0.7734375 0.084375 0.0296875 0.0515625
5 0.7453125 0.08125 0.0296875 0.05
5 0.7203125 0.08125 0.03125 0.040625
5 0.6984375 0.08125 0.0328125 0.05
5 0.66875 0.071875 0.0203125 0.065625
5 0.6921875 0.071875 0.0359375 0.0578125
5 0.721875 0.0625 0.025 0.053125
5 0.74375 0.0625 0.0234375 0.053125
5 0.7734375 0.040625 0.03125 0.0484375
5 0.79375 0.034375 0.025 0.05
5 0.81328125 0.021875 0.0265625 0.04375
5 0.790625 0.0171875 0.028125 0.034375
5 0.7671875 0.0203125 0.03125 0.0390625
5 0.74375 0.015625 0.028125 0.03125
5 0.71875 0.0265625 0.0265625 0.053125
5 0.69375 0.0265625 0.028125 0.053125
5 0.6671875 0.040625 0.034375 0.08125
5 0.84375 0.0171875 0.0390625 0.034375
5 0.546875 0.046875 0.0328125 0.078125
5 0.521875 0.078125 0.0359375 0.0484375
5 0.49375 0.0796875 0.0234375 0.0421875
5 0.50625 0.05 0.028125 0.0703125
5 0.4734375 0.0625 0.034375 0.0625
5 0.475 0.0765625 0.0296875 0.0359375
5 0.440625 0.08125 0.0328125 0.04375
5 0.43125 0.034375 0.03125 0.06875
5 0.39375 0.0484375 0.0359375 0.0875
5 0.3796875 0.059375 0.03125 0.06875
5 0.353125 0.059375 0.0296875 0.0625
5 0.3265625 0.059375 0.0296875 0.0671875
5 0.375 0.0296875 0.0390625 0.0484375
5 0.28125 0.053125 0.03125 0.0671875
5 0.296875 0.0390625 0.03125 0.075
5 0.3078125 0.01875 0.03125 0.0375
5 0.259375 0.059375 0.0359375 0.0578125
5 0.21875 0.0421875 0.0359375 0.084375
5 0.240625 0.03125 0.03125 0.0625
5 0.2671875 0.034375 0.03125 0.0625
5 0.1453125 0.053125 0.0328125 0.0640625
5 0.1234375 0.0703125 0.034375 0.059375
5 0.0234375 0.065625 0.03125 0.0453125
5 0.05 0.0625 0.028125 0.040625
5 0.078125 0.046875 0.04375 0.0734375
5 0.09375 0.0640625 0.021875 0.040625
