5 0.34375 0.55625 0.3890625 0.5984375
5 0.525 0.521875 0.175 0.6484375
5 0.0703125 0.2390625 0.140625 0.3171875
5 0.1375 0.10625 0.1234375 0.1015625
5 0.190625 0.33125 0.2921875 0.4234375
5 0.271875 0.178125 0.16875 0.2015625
5 0.3375 0.115625 0.0984375 0.10625
5 0.4125 0.184375 0.134375 0.178125
5 0.59375 0.146875 0.1796875 0.29375
5 0.8109375 0.125 0.1703125 0.18125
5 0.825 0.271875 0.2453125 0.4109375
5 0.8890625 0.5015625 0.221875 0.690625
5 0.94296875 0.140625 0.1140625 0.190625
5 0.946875 0.0453125 0.1046875 0.090625
5 0.659375 0.0390625 0.1171875 0.078125
5 0.190625 0.065625 0.103125 0.13125
5 0.25625 0.0421875 0.09375 0.084375
5 0.5375 0.05 0.0875 0.0984375
5 0.784375 0.0375 0.071875 0.075
