5 0.0890625 0.428125 0.103125 0.353125
5 0.228125 0.6 0.2625 0.6765625
5 0.296875 0.534375 0.1515625 0.5109375
5 0.2875 0.365625 0.109375 0.2328125
5 0.334375 0.353125 0.0671875 0.1859375
5 0.3734375 0.3078125 0.0828125 0.159375
5 0.478125 0.28125 0.1015625 0.1546875
5 0.553125 0.325 0.0359375 0.06875
5 0.56875 0.321875 0.14375 0.215625
5 0.5875 0.496875 0.175 0.4609375
5 0.65 0.559375 0.215625 0.5703125
5 0.934375 0.4671875 0.1296875 0.415625
5 0.8515625 0.425 0.11875 0.3859375
5 0.740625 0.246875 0.0640625 0.246875
5 0.684375 0.246875 0.0953125 0.178125
5 0.6109375 0.2125 0.0796875 0.19375
5 0.546875 0.175 0.059375 0.0890625
5 0.378125 0.165625 0.071875 0.0703125
5 0.215625 0.24375 0.1015625 0.184375
5 0.021875 0.48984375 0.04375 0.3734375
