5 0.91875 0.675 0.0453125 0.0890625
5 0.7921875 0.7046875 0.040625 0.1046875
5 0.7 0.6765625 0.034375 0.0734375
5 0.58125 0.678125 0.0359375 0.090625
5 0.4828125 0.6859375 0.0359375 0.1
5 0.4890625 0.721875 0.040625 0.090625
5 0.4484375 0.68125 0.028125 0.1171875
5 0.4375 0.671875 0.025 0.0734375
5 0.2625 0.728125 0.0390625 0.1046875
5 0.2421875 0.721875 0.040625 0.1
5 0.1578125 0.70625 0.0359375 0.1078125
5 0.2375 0.65625 0.0328125 0.075
5 0.31875 0.665625 0.021875 0.0828125
5 0.33125 0.671875 0.0234375 0.0703125
5 0.384375 0.6796875 0.034375 0.11875
5 0.359375 0.675 0.0140625 0.075
5 0.34375 0.6578125 0.0375 0.1015625
