5 0.01875 0.5046875 0.0359375 0.25
5 0.05625 0.534375 0.03125 0.103125
5 0.115625 0.540625 0.0375 0.1015625
5 0.1515625 0.534375 0.059375 0.11875
5 0.171875 0.534375 0.0453125 0.1109375
5 0.159375 0.49375 0.0296875 0.04375
5 0.25625 0.53125 0.0390625 0.0890625
5 0.275 0.53125 0.034375 0.103125
5 0.3 0.515625 0.0296875 0.078125
5 0.3140625 0.509375 0.0234375 0.096875
5 0.325 0.5109375 0.021875 0.09375
5 0.3375 0.5109375 0.0265625 0.0890625
5 0.3625 0.509375 0.025 0.08125
5 0.3796875 0.496875 0.0234375 0.10625
5 0.459375 0.4921875 0.0265625 0.059375
5 0.496875 0.521875 0.0265625 0.0703125
5 0.525 0.5125 0.0375 0.0765625
5 0.5 0.46875 0.021875 0.03125
5 0.5125 0.4640625 0.0203125 0.03125
5 0.53125 0.465625 0.015625 0.01875
5 0.546875 0.4875 0.028125 0.034375
5 0.553125 0.475 0.0125 0.0203125
5 0.65625 0.515625 0.025 0.0890625
5 0.66875 0.515625 0.0328125 0.090625
5 0.9875 0.51875 0.025 0.128125
5 0.840625 0.5265625 0.034375 0.053125
5 0.865625 0.53125 0.040625 0.0546875
5 0.4375 0.5703125 0.0890625 0.2234375
5 0.6078125 0.55625 0.15 0.3953125
