5 0.35 0.559375 0.09375 0.2671875
5 0.521875 0.546875 0.0671875 0.328125
5 0.025 0.5234375 0.0390625 0.1609375
5 0.03125 0.55 0.0484375 0.109375
5 0.071875 0.5375 0.0453125 0.16875
5 0.1390625 0.53125 0.046875 0.1765625
5 0.11875 0.528125 0.028125 0.15
5 0.159375 0.51875 0.0390625 0.1765625
5 0.19375 0.509375 0.0265625 0.1640625
5 0.2078125 0.509375 0.05 0.159375
5 0.428125 0.475 0.0359375 0.065625
5 0.2578125 0.4703125 0.025 0.0828125
5 0.2375 0.471875 0.0234375 0.0796875
5 0.840625 0.41875 0.0328125 0.0953125
5 0.871875 0.41875 0.040625 0.1140625
