5 0.1078125 0.68984375 0.2125 0.6203125
5 0.190625 0.659375 0.1859375 0.61875
5 0.2875 0.4859375 0.1625 0.4953125
5 0.328125 0.45 0.0984375 0.28125
5 0.4 0.39375 0.0921875 0.2140625
5 0.384375 0.29375 0.0859375 0.2265625
5 0.396875 0.178125 0.090625 0.209375
5 0.4375 0.259375 0.046875 0.103125
5 0.515625 0.228125 0.09375 0.1734375
5 0.58125 0.1578125 0.0515625 0.1640625
5 0.6125 0.2359375 0.0859375 0.378125
5 0.609375 0.321875 0.0671875 0.284375
5 0.65625 0.303125 0.1453125 0.3203125
5 0.6671875 0.4609375 0.0984375 0.3125
5 0.7875 0.44375 0.134375 0.39375
5 0.7703125 0.6375 0.11875 0.4234375
5 0.87734375 0.65546875 0.2453125 0.6890625
