5 0.375 0.515625 0.015625 0.0625
5 0.390625 0.509375 0.0203125 0.046875
5 0.4640625 0.540625 0.025 0.08125
5 0.5 0.540625 0.025 0.08125
5 0.5125 0.53125 0.0265625 0.0484375
5 0.5296875 0.534375 0.0203125 0.078125
5 0.5421875 0.534375 0.01875 0.065625
5 0.55625 0.5359375 0.0265625 0.08125
5 0.8 0.5046875 0.03125 0.084375
5 0.878125 0.51875 0.0234375 0.0640625
5 0.903125 0.515625 0.034375 0.0671875
5 0.665625 0.615625 0.0859375 0.1796875
5 0.75 0.634375 0.046875 0.1390625
5 0.7765625 0.6171875 0.0421875 0.140625
5 0.79375 0.6015625 0.04375 0.165625
