5 0.353125 0.528125 0.1453125 0.34375
5 0.540625 0.540625 0.109375 0.203125
5 0.546875 0.478125 0.15625 0.271875
5 0.2296875 0.2109375 0.0765625 0.1265625
5 0.16875 0.2140625 0.05 0.1265625
5 0.646875 0.06875 0.078125 0.134375
5 0.7203125 0.0484375 0.04375 0.0859375
5 0.7625 0.04375 0.025 0.0546875
5 0.80625 0.03125 0.0203125 0.053125
5 0.81875 0.121875 0.0359375 0.0765625
5 0.7765625 0.13125 0.0546875 0.075
5 0.728125 0.1421875 0.0453125 0.05
5 0.8703125 0.121875 0.05625 0.075
5 0.915625 0.11875 0.0328125 0.0828125
5 0.975 0.10625 0.05 0.0921875
5 0.940625 0.096875 0.0328125 0.0953125
5 0.978125 0.0625 0.028125 0.0671875
5 0.953125 0.0265625 0.028125 0.053125
5 0.90625 0.040625 0.040625 0.0765625
5 0.821875 0.0765625 0.0328125 0.059375
5 0.634375 0.153125 0.0390625 0.059375
5 0.63125 0.125 0.05 0.071875
5 0.615625 0.0921875 0.04375 0.0703125
5 0.5625 0.0984375 0.034375 0.05625
5 0.521875 0.171875 0.0421875 0.0578125
5 0.571875 0.1640625 0.034375 0.046875
5 0.4390625 0.1921875 0.05625 0.0609375
5 0.38125 0.184375 0.0515625 0.0875
5 0.328125 0.190625 0.046875 0.103125
5 0.290625 0.0875 0.046875 0.0640625
5 0.30625 0.15 0.0515625 0.0640625
5 0.34375 0.078125 0.04375 0.0796875
5 0.3984375 0.075 0.0484375 0.06875
5 0.4421875 0.084375 0.0359375 0.046875
