5 0.015625 0.4890625 0.0296875 0.078125
5 0.05625 0.4875 0.1125 0.06875
5 0.0734375 0.309375 0.103125 0.0796875
5 0.1546875 0.3859375 0.06875 0.071875
5 0.203125 0.39375 0.065625 0.0625
5 0.415625 0.390625 0.09375 0.0828125
5 0.4875 0.396875 0.0796875 0.0625
5 0.259375 0.396875 0.0796875 0.053125
5 0.325 0.4 0.06875 0.0390625
5 0.071875 0.38125 0.071875 0.0546875
5 0.01875 0.3765625 0.0375 0.084375
5 0.9125 0.63125 0.11875 0.1140625
5 0.259375 0.63125 0.1546875 0.1734375
5 0.3765625 0.63125 0.1171875 0.153125
5 0.575 0.5953125 0.3171875 0.5640625
