5 0.05859375 0.81171875 0.1171875 0.3765625
5 0.165625 0.759375 0.1859375 0.4796875
5 0.053125 0.503125 0.10625 0.33125
5 0.05 0.4375 0.0984375 0.2515625
5 0.321875 0.80625 0.2359375 0.3875
5 0.4625 0.8046875 0.1921875 0.390625
5 0.609375 0.840625 0.1953125 0.3171875
5 0.690625 0.7578125 0.203125 0.484375
5 0.8625 0.778125 0.234375 0.44375
5 0.840625 0.6609375 0.1984375 0.4140625
5 0.8890625 0.6171875 0.1203125 0.346875
5 0.7625 0.54375 0.11875 0.4296875
5 0.696875 0.5453125 0.0921875 0.33125
5 0.5578125 0.5234375 0.140625 0.2625
5 0.40625 0.590625 0.1421875 0.4765625
5 0.2375 0.5625 0.1796875 0.5796875
5 0.1671875 0.428125 0.0671875 0.303125
5 0.1625 0.375 0.09375 0.3546875
5 0.384375 0.3765625 0.1109375 0.45
5 0.4734375 0.334375 0.121875 0.4671875
5 0.53125 0.43125 0.1015625 0.2390625
5 0.6015625 0.4078125 0.0984375 0.2390625
5 0.68125 0.3234375 0.0796875 0.3875
5 0.8421875 0.35625 0.11875 0.240625
5 0.95234375 0.49609375 0.0953125 0.5984375
5 0.98046875 0.2015625 0.0390625 0.184375
5 0.9390625 0.28125 0.0875 0.396875
5 0.9734375 0.0984375 0.053125 0.159375
5 0.9046875 0.1875 0.0515625 0.2796875
5 0.846875 0.08125 0.04375 0.0890625
5 0.8703125 0.15625 0.05625 0.1796875
5 0.8328125 0.1859375 0.0578125 0.128125
5 0.7859375 0.2296875 0.0546875 0.2359375
5 0.734375 0.25 0.0703125 0.20625
5 0.578125 0.303125 0.078125 0.26875
5 0.646875 0.290625 0.0453125 0.3265625
5 0.61875 0.278125 0.0640625 0.28125
5 0.56875 0.2125 0.0625 0.16875
5 0.609375 0.1375 0.03125 0.078125
5 0.496875 0.1953125 0.0546875 0.3234375
5 0.44375 0.09375 0.05 0.125
5 0.540625 0.1875 0.046875 0.20625
5 0.3140625 0.19375 0.05 0.1625
5 0.328125 0.1390625 0.0359375 0.084375
5 0.3921875 0.2171875 0.0515625 0.1796875
5 0.240625 0.21875 0.0484375 0.175
5 0.6625 0.1625 0.03125 0.1203125
5 0.0453125 0.234375 0.0859375 0.2
5 0.121875 0.33125 0.0734375 0.41875
5 0.16875 0.20625 0.05 0.15
5 0.1 0.178125 0.0328125 0.084375
5 0.290625 0.384375 0.115625 0.4890625
