5 0.06875 0.2265625 0.1015625 0.3359375
5 0.1484375 0.190625 0.1640625 0.19375
5 0.1984375 0.475 0.290625 0.6078125
5 0.253125 0.4375 0.11875 0.5578125
5 0.209375 0.721875 0.1875 0.5546875
5 0.340625 0.4203125 0.15625 0.71875
5 0.3875 0.2796875 0.153125 0.3234375
5 0.5125 0.190625 0.1078125 0.2
5 0.428125 0.578125 0.3359375 0.8046875
5 0.4515625 0.76484375 0.20625 0.4703125
5 0.54375 0.15625 0.0625 0.121875
5 0.575 0.215625 0.11875 0.2203125
5 0.6875 0.5953125 0.240625 0.809375
5 0.734375 0.20625 0.153125 0.3140625
5 0.734375 0.2125 0.11875 0.2734375
5 0.85625 0.215625 0.0765625 0.23125
5 0.89375 0.3390625 0.146875 0.496875
5 0.940625 0.6375 0.1171875 0.7234375
