5 0.0296875 0.25 0.059375 0.4984375
5 0.13125 0.15 0.0953125 0.21875
5 0.23125 0.1375 0.1828125 0.209375
5 0.35 0.1328125 0.090625 0.2046875
5 0.375 0.115625 0.0375 0.0515625
5 0.43125 0.134375 0.09375 0.215625
5 0.515625 0.134375 0.1328125 0.2015625
5 0.590625 0.165625 0.0453125 0.1515625
5 0.6203125 0.153125 0.0515625 0.15625
5 0.640625 0.175 0.065625 0.1296875
5 0.6625 0.13125 0.028125 0.0671875
5 0.675 0.1546875 0.0640625 0.096875
5 0.7328125 0.203125 0.0875 0.31875
5 0.790625 0.184375 0.0703125 0.1703125
5 0.840625 0.190625 0.05 0.0984375
5 0.878125 0.203125 0.03125 0.0984375
5 0.85625 0.1640625 0.0296875 0.059375
5 0.909375 0.15625 0.053125 0.078125
5 0.940625 0.2140625 0.096875 0.2171875
5 0.56875 0.125 0.028125 0.084375
