5 0.71875 0.46875 0.153125 0.5125
5 0.8625 0.4765625 0.153125 0.421875
5 0.921875 0.3875 0.071875 0.225
5 0.60625 0.1578125 0.034375 0.1421875
5 0.58125 0.2125 0.0421875 0.1703125
5 0.559375 0.184375 0.040625 0.159375
5 0.528125 0.1578125 0.034375 0.1296875
5 0.275 0.146875 0.028125 0.06875
5 0.303125 0.1328125 0.0359375 0.0640625
5 0.18125 0.175 0.05 0.1359375
5 0.065625 0.33125 0.065625 0.1140625
5 0.73125 0.065625 0.021875 0.0671875
5 0.7546875 0.065625 0.015625 0.0546875
5 0.628125 0.071875 0.0203125 0.065625
5 0.2859375 0.3125 0.0734375 0.2296875
5 0.44375 0.321875 0.0578125 0.2171875
5 0.446875 0.240625 0.040625 0.1140625
5 0.3828125 0.25 0.0375 0.10625
