5 0.146875 0.50625 0.075 0.159375
5 0.053125 0.721875 0.053125 0.128125
5 0.2140625 0.7140625 0.059375 0.1359375
5 0.346875 0.484375 0.11875 0.24375
5 0.740625 0.375 0.09375 0.1203125
5 0.0859375 0.215625 0.040625 0.0640625
5 0.1359375 0.196875 0.034375 0.06875
5 0.109375 0.1875 0.0234375 0.05625
5 0.078125 0.178125 0.03125 0.05625
5 0.275 0.2078125 0.034375 0.04375
5 0.54375 0.103125 0.03125 0.078125
5 0.50625 0.115625 0.0375 0.090625
5 0.3875 0.06875 0.028125 0.0828125
5 0.3625 0.078125 0.03125 0.08125
5 0.415625 0.209375 0.0375 0.04375
