5 0.046875 0.23125 0.0328125 0.078125
5 0.075 0.234375 0.0359375 0.0796875
5 0.1 0.234375 0.025 0.06875
5 0.1125 0.240625 0.03125 0.0546875
5 0.1109375 0.28125 0.0296875 0.0453125
5 0.1296875 0.2640625 0.0328125 0.0765625
5 0.13125 0.215625 0.0203125 0.0359375
5 0.1375 0.246875 0.0265625 0.0625
5 0.159375 0.221875 0.0171875 0.0375
5 0.1625 0.25625 0.03125 0.0828125
5 0.225 0.246875 0.0265625 0.0828125
5 0.25 0.2359375 0.0390625 0.053125
5 0.259375 0.2671875 0.0375 0.0703125
5 0.2828125 0.25 0.0234375 0.05625
5 0.2921875 0.2546875 0.03125 0.090625
5 0.3125 0.259375 0.0359375 0.0859375
5 0.459375 0.2671875 0.034375 0.0921875
5 0.503125 0.25 0.0375 0.08125
5 0.5359375 0.25 0.0359375 0.090625
5 0.9046875 0.271875 0.03125 0.078125
5 0.93125 0.2703125 0.025 0.08125
5 0.9515625 0.25625 0.03125 0.059375
5 0.95625 0.29375 0.0359375 0.09375
5 0.98125 0.29375 0.0265625 0.0859375
5 0.2359375 0.353125 0.0328125 0.0546875
5 0.253125 0.3546875 0.0359375 0.0578125
5 0.9796875 0.26875 0.0265625 0.046875
5 0.2859375 0.33125 0.03125 0.1046875
5 0.30625 0.353125 0.040625 0.06875
5 0.325 0.334375 0.03125 0.1171875
5 0.353125 0.3359375 0.03125 0.115625
5 0.371875 0.353125 0.0203125 0.0515625
5 0.3859375 0.3609375 0.015625 0.059375
5 0.403125 0.359375 0.021875 0.0578125
5 0.415625 0.3625 0.028125 0.0671875
5 0.43125 0.365625 0.0265625 0.0671875
5 0.4484375 0.359375 0.025 0.06875
5 0.4640625 0.359375 0.0328125 0.08125
5 0.4125 0.31875 0.0359375 0.096875
5 0.4484375 0.315625 0.0359375 0.0890625
5 0.59375 0.55625 0.209375 0.4140625
5 0.734375 0.584375 0.1921875 0.3984375
5 0.88125 0.459375 0.146875 0.2609375
5 0.890625 0.48125 0.1703125 0.365625
5 0.2984375 0.35625 0.015625 0.059375
