5 0.5390625 0.63125 0.071875 0.2421875
5 0.88125 0.6453125 0.08125 0.2296875
5 0.465625 0.6296875 0.0875 0.253125
5 0.9546875 0.6578125 0.0734375 0.215625
5 0.253125 0.6484375 0.0703125 0.228125
5 0.1875 0.646875 0.0734375 0.2265625
5 0.3203125 0.64375 0.071875 0.23125
5 0.6765625 0.634375 0.078125 0.2359375
5 0.3921875 0.64375 0.078125 0.234375
5 0.6046875 0.6421875 0.078125 0.21875
5 0.746875 0.6421875 0.0828125 0.2296875
5 0.8140625 0.64375 0.0703125 0.225
5 0.125 0.65 0.0640625 0.2125
5 0.0625 0.65 0.0703125 0.2203125
5 0.0484375 0.9125 0.0921875 0.16875
5 0.359375 0.909375 0.1078125 0.1734375
5 0.05625 0.8578125 0.078125 0.209375
5 0.3546875 0.853125 0.0984375 0.19375
