5 0.103125 0.728125 0.1203125 0.2828125
5 0.6375 0.70625 0.0984375 0.2859375
5 0.065625 0.559375 0.0875 0.171875
5 0.39375 0.659375 0.0890625 0.2734375
5 0.8734375 0.7625 0.1375 0.29375
5 0.2921875 0.7125 0.1140625 0.25
5 0.759375 0.64375 0.09375 0.3140625
5 0.45625 0.728125 0.0671875 0.275
5 0.5234375 0.75625 0.0984375 0.259375
5 0.1171875 0.484375 0.06875 0.165625
5 0.8828125 0.465625 0.0953125 0.215625
5 0.2546875 0.54375 0.090625 0.2
5 0.9265625 0.5453125 0.084375 0.19375
5 0.20625 0.7296875 0.084375 0.296875
5 0.84375 0.671875 0.121875 0.2765625
5 0.696875 0.640625 0.0984375 0.265625
5 0.4671875 0.5921875 0.0859375 0.1796875
5 0.565625 0.69375 0.075 0.28125
5 0.5265625 0.484375 0.0828125 0.16875
5 0.5375 0.575 0.0703125 0.1859375
5 0.340625 0.609375 0.06875 0.2578125
5 0.1796875 0.5375 0.065625 0.134375
5 0.146875 0.65 0.0828125 0.240625
5 0.1859375 0.45 0.0796875 0.165625
5 0.6125 0.553125 0.0625 0.1328125
5 0.328125 0.453125 0.06875 0.1859375
5 0.45 0.49375 0.0625 0.1109375
5 0.3890625 0.50625 0.065625 0.125
5 0.25 0.4171875 0.0734375 0.1703125
5 0.884375 0.3640625 0.084375 0.1265625
5 0.29375 0.359375 0.065625 0.2671875
5 0.403125 0.3984375 0.0703125 0.190625
5 0.225 0.3234375 0.0734375 0.1546875
5 0.5203125 0.375 0.059375 0.1578125
5 0.7 0.290625 0.0703125 0.2203125
5 0.6015625 0.396875 0.06875 0.196875
5 0.4171875 0.309375 0.0671875 0.153125
5 0.703125 0.45625 0.078125 0.15
5 0.178125 0.3578125 0.0765625 0.134375
5 0.5640625 0.45625 0.059375 0.196875
5 0.665625 0.40625 0.0578125 0.125
5 0.45625 0.4375 0.08125 0.1625
5 0.575 0.2765625 0.0640625 0.18125
5 0.34375 0.359375 0.0671875 0.21875
5 0.7578125 0.3234375 0.05625 0.1546875
5 0.8015625 0.56875 0.071875 0.296875
5 0.81875 0.321875 0.075 0.1421875
5 0.790625 0.41875 0.0984375 0.1609375
5 0.63125 0.48125 0.0703125 0.146875
5 0.36875 0.26875 0.0625 0.1625
5 0.4328125 0.2578125 0.071875 0.2078125
5 0.7265625 0.515625 0.065625 0.1328125
5 0.725 0.36875 0.06875 0.1359375
5 0.5015625 0.2609375 0.0640625 0.228125
5 0.64375 0.278125 0.059375 0.1375
