5 0.1875 0.7125 0.1609375 0.565625
5 0.4609375 0.384375 0.0796875 0.40625
5 0.925 0.696875 0.140625 0.5875
5 0.6984375 0.61875 0.1515625 0.6203125
5 0.296875 0.6 0.1578125 0.546875
5 0.540625 0.703125 0.09375 0.3515625
5 0.3390625 0.1859375 0.0640625 0.1640625
5 0.590625 0.621875 0.1125 0.4953125
5 0.815625 0.590625 0.1390625 0.7015625
5 0.5390625 0.315625 0.0609375 0.3109375
5 0.6125 0.353125 0.1265625 0.2421875
5 0.353125 0.50625 0.1625 0.565625
5 0.596875 0.1703125 0.071875 0.1375
5 0.4875 0.3328125 0.059375 0.3984375
5 0.5671875 0.321875 0.078125 0.29375
5 0.41875 0.325 0.046875 0.4046875
5 0.7109375 0.328125 0.0890625 0.1375
5 0.378125 0.36875 0.075 0.3328125
5 0.390625 0.221875 0.0421875 0.1515625
5 0.4 0.3375 0.0546875 0.384375
