5 0.4203125 0.6109375 0.1546875 0.7546875
5 0.9125 0.6015625 0.1671875 0.76875
5 0.065625 0.5625 0.13125 0.846875
5 0.1546875 0.64375 0.1703125 0.6890625
5 0.284375 0.628125 0.1421875 0.725
5 0.790625 0.6125 0.153125 0.746875
5 0.6609375 0.63125 0.1234375 0.7078125
5 0.5859375 0.3421875 0.071875 0.24375
5 0.54375 0.6265625 0.134375 0.7234375
5 0.475 0.328125 0.05625 0.2390625
5 0.8421875 0.30625 0.084375 0.2953125
5 0.2203125 0.3515625 0.0671875 0.315625
5 0.3578125 0.328125 0.06875 0.3671875
5 0.7046875 0.3625 0.0796875 0.3046875
