5 0.5625 0.265625 0.14375 0.3734375
5 0.45 0.278125 0.121875 0.3921875
5 0.221875 0.3015625 0.1453125 0.3578125
5 0.3375 0.303125 0.1296875 0.3625
5 0.6875 0.3046875 0.140625 0.4203125
5 0.1 0.3046875 0.1390625 0.3
5 0.8015625 0.3140625 0.1203125 0.3078125
5 0.9203125 0.4609375 0.134375 0.6734375
5 0.5890625 0.6046875 0.1609375 0.565625
5 0.08125 0.603125 0.1609375 0.6109375
5 0.7203125 0.6078125 0.153125 0.575
5 0.8578125 0.615625 0.16875 0.5796875
5 0.45 0.6171875 0.140625 0.525
5 0.3296875 0.6234375 0.1265625 0.528125
5 0.21875 0.628125 0.134375 0.5359375
