5 0.425 0.1828125 0.08125 0.190625
5 0.5546875 0.2015625 0.0953125 0.3109375
5 0.61875 0.265625 0.134375 0.275
5 0.265625 0.271875 0.096875 0.259375
5 0.4859375 0.271875 0.1359375 0.246875
5 0.375 0.275 0.0984375 0.2546875
5 0.759375 0.278125 0.0703125 0.2578125
5 0.859375 0.459375 0.1375 0.659375
5 0.1171875 0.4703125 0.1234375 0.6515625
5 0.725 0.609375 0.1453125 0.7515625
5 0.2 0.6140625 0.1421875 0.734375
5 0.4671875 0.6171875 0.1328125 0.728125
5 0.590625 0.6171875 0.1421875 0.740625
5 0.334375 0.621875 0.1453125 0.71875
5 0.2828125 0.146875 0.1296875 0.2515625
5 0.7234375 0.146875 0.13125 0.24375
