5 0.859375 0.584375 0.190625 0.753125
5 0.1609375 0.5921875 0.2046875 0.7859375
5 0.08125 0.390625 0.1609375 0.7046875
5 0.575 0.6703125 0.2125 0.5
5 0.496875 0.365625 0.1078125 0.384375
5 0.590625 0.296875 0.096875 0.3109375
5 0.69375 0.4078125 0.1578125 0.3109375
5 0.4125 0.6515625 0.165625 0.578125
5 0.334375 0.3546875 0.0953125 0.4046875
5 0.7390625 0.66875 0.1453125 0.4921875
5 0.25625 0.6609375 0.1859375 0.5484375
5 0.2359375 0.253125 0.075 0.2796875
5 0.4234375 0.2890625 0.1078125 0.2328125
5 0.778125 0.284375 0.090625 0.2671875
5 0.6765625 0.2703125 0.090625 0.2609375
