5 0.1078125 0.6375 0.140625 0.4890625
5 0.51875 0.6765625 0.1328125 0.4640625
5 0.65 0.6703125 0.125 0.43125
5 0.3875 0.65625 0.1234375 0.484375
5 0.76875 0.675 0.125 0.4453125
5 0.24375 0.653125 0.1234375 0.4328125
5 0.065625 0.528125 0.1296875 0.546875
5 0.8890625 0.4390625 0.1296875 0.3046875
5 0.2984375 0.546875 0.10625 0.5109375
5 0.8796875 0.6984375 0.128125 0.39375
5 0.7609375 0.4546875 0.1203125 0.2703125
5 0.553125 0.56875 0.0921875 0.484375
5 0.18125 0.5375 0.1015625 0.5
5 0.428125 0.55 0.103125 0.5
5 0.6546875 0.434375 0.109375 0.2421875
