5 0.8078125 0.546875 0.146875 0.6765625
5 0.1390625 0.515625 0.0921875 0.5671875
5 0.484375 0.634375 0.146875 0.5265625
5 0.209375 0.5484375 0.125 0.5859375
5 0.3625 0.65 0.146875 0.5296875
5 0.625 0.65625 0.15 0.534375
5 0.721875 0.53125 0.09375 0.5671875
5 0.484375 0.29375 0.078125 0.1625
5 0.43125 0.2125 0.0765625 0.190625
5 0.5546875 0.371875 0.1046875 0.265625
5 0.659375 0.3734375 0.10625 0.303125
5 0.43125 0.3859375 0.0921875 0.240625
5 0.3734375 0.35625 0.09375 0.2796875
5 0.51875 0.21875 0.0640625 0.1765625
5 0.278125 0.5140625 0.1046875 0.578125
5 0.2703125 0.2234375 0.090625 0.1921875
5 0.35 0.225 0.0625 0.1859375
5 0.65625 0.2359375 0.0875 0.1703125
5 0.578125 0.228125 0.0546875 0.175
5 0.6015625 0.303125 0.053125 0.1546875
5 0.31875 0.375 0.046875 0.2859375
