5 0.59375 0.7625 0.4828125 0.4453125
5 0.7625 0.54375 0.215625 0.5515625
5 0.38125 0.565625 0.1484375 0.503125
5 0.175 0.484375 0.140625 0.6015625
5 0.4921875 0.51875 0.1234375 0.4
5 0.615625 0.46875 0.1484375 0.35625
5 0.4875 0.2390625 0.109375 0.1859375
5 0.68125 0.26875 0.115625 0.1984375
5 0.28125 0.4703125 0.153125 0.5953125
5 0.36875 0.2640625 0.1015625 0.209375
5 0.5796875 0.284375 0.1203125 0.2390625
5 0.4359375 0.321875 0.0875 0.15
5 0.825 0.45625 0.184375 0.6015625
5 0.8234375 0.3125 0.184375 0.3125
