5 0.9015625 0.578125 0.128125 0.509375
5 0.1796875 0.5765625 0.109375 0.4546875
5 0.075 0.5703125 0.1375 0.503125
5 0.721875 0.675 0.1 0.44375
5 0.80625 0.559375 0.1203125 0.46875
5 0.284375 0.6640625 0.115625 0.4328125
5 0.6265625 0.6765625 0.1 0.44375
5 0.384375 0.6609375 0.1 0.4234375
5 0.5421875 0.68125 0.0828125 0.403125
5 0.584375 0.4453125 0.0625 0.2140625
5 0.509375 0.434375 0.096875 0.2390625
5 0.46875 0.66875 0.0921875 0.409375
5 0.640625 0.4375 0.0671875 0.2015625
5 0.709375 0.4375 0.0828125 0.2078125
5 0.25625 0.5546875 0.090625 0.446875
5 0.4390625 0.440625 0.0671875 0.221875
5 0.328125 0.43125 0.0671875 0.21875
5 0.384375 0.4265625 0.0671875 0.1953125
5 0.98125 0.453125 0.021875 0.0265625
