5 0.484375 0.171875 0.021875 0.06875
5 0.434375 0.2 0.028125 0.06875
5 0.73125 0.209375 0.03125 0.0765625
5 0.296875 0.209375 0.0234375 0.0734375
5 0.83125 0.2234375 0.0296875 0.0796875
5 0.290625 0.2328125 0.0265625 0.075
5 0.875 0.2328125 0.0265625 0.078125
5 0.203125 0.234375 0.0125 0.0703125
5 0.8578125 0.2375 0.021875 0.08125
5 0.54375 0.2421875 0.0265625 0.0875
5 0.453125 0.25 0.028125 0.078125
5 0.053125 0.259375 0.0234375 0.0359375
5 0.73125 0.275 0.034375 0.096875
5 0.2125 0.2921875 0.0234375 0.090625
5 0.021875 0.29375 0.0359375 0.0625
5 0.9703125 0.3140625 0.0234375 0.0984375
5 0.846875 0.334375 0.0203125 0.1328125
5 0.21875 0.5125 0.059375 0.1328125
5 0.86875 0.546875 0.0421875 0.1203125
5 0.6453125 0.571875 0.0359375 0.1375
5 0.325 0.58125 0.0515625 0.1234375
5 0.078125 0.6890625 0.0765625 0.140625
5 0.815625 0.696875 0.06875 0.14375
5 0.7125 0.815625 0.0625 0.14375
5 0.859375 0.8171875 0.0578125 0.1609375
5 0.084375 0.83125 0.071875 0.1640625
