5 0.115625 0.646875 0.1046875 0.5546875
5 0.909375 0.75625 0.1078125 0.4140625
5 0.059375 0.6234375 0.0859375 0.5671875
5 0.684375 0.734375 0.090625 0.35625
5 0.55 0.615625 0.078125 0.496875
5 0.4921875 0.7421875 0.090625 0.3734375
5 0.7453125 0.5953125 0.0890625 0.5078125
5 0.4 0.7296875 0.09375 0.390625
5 0.346875 0.621875 0.0859375 0.540625
5 0.7875 0.7484375 0.0953125 0.3609375
5 0.66875 0.51875 0.0734375 0.2953125
5 0.284375 0.7546875 0.1015625 0.3515625
5 0.5984375 0.75 0.08125 0.340625
5 0.184375 0.771875 0.0921875 0.3578125
5 0.815625 0.615625 0.08125 0.5125
5 0.425 0.61875 0.08125 0.509375
5 0.603125 0.50625 0.0703125 0.3171875
5 0.896875 0.521875 0.0890625 0.28125
5 0.203125 0.55 0.078125 0.3546875
5 0.940625 0.509375 0.0671875 0.3453125
5 0.2796875 0.5109375 0.071875 0.2796875
5 0.484375 0.49375 0.0609375 0.2375
5 0.6390625 0.396875 0.0453125 0.13125
5 0.78125 0.39375 0.0453125 0.121875
5 0.51875 0.396875 0.0421875 0.15
5 0.159375 0.4125 0.05625 0.14375
5 0.2375 0.5296875 0.05 0.353125
5 0.6875 0.384375 0.0515625 0.13125
5 0.575 0.38125 0.034375 0.13125
5 0.30625 0.40625 0.0328125 0.10625
5 0.453125 0.3875 0.0375 0.1375
5 0.85625 0.403125 0.05 0.153125
