5 0.621875 0.428125 0.0875 0.109375
5 0.7125 0.4421875 0.0984375 0.1265625
5 0.0625 0.540625 0.109375 0.63125
5 0.7828125 0.4171875 0.0890625 0.1421875
5 0.3875 0.43125 0.0921875 0.1140625
5 0.546875 0.4375 0.0859375 0.0984375
5 0.3 0.4265625 0.0890625 0.1140625
5 0.79375 0.35625 0.1046875 0.1765625
5 0.946875 0.53125 0.1015625 0.365625
5 0.465625 0.440625 0.0859375 0.1125
5 0.659375 0.3953125 0.0578125 0.1453125
5 0.284375 0.3 0.090625 0.2953125
5 0.86875 0.428125 0.0984375 0.1125
5 0.70625 0.35625 0.0828125 0.1265625
5 0.35 0.4 0.0515625 0.121875
5 0.121875 0.603125 0.1109375 0.58125
5 0.41875 0.321875 0.0578125 0.2671875
5 0.525 0.3328125 0.0546875 0.284375
5 0.215625 0.440625 0.0953125 0.090625
5 0.571875 0.378125 0.059375 0.1453125
5 0.56875 0.315625 0.0625 0.2703125
