5 0.4171875 0.2546875 0.0390625 0.1140625
5 0.25625 0.275 0.06875 0.1359375
5 0.16875 0.284375 0.0609375 0.203125
5 0.45 0.2890625 0.0375 0.0984375
5 0.525 0.2921875 0.0484375 0.121875
5 0.390625 0.2953125 0.0484375 0.1296875
5 0.59375 0.2953125 0.0359375 0.0984375
5 0.309375 0.3 0.059375 0.1359375
5 0.35625 0.3453125 0.084375 0.153125
5 0.209375 0.3546875 0.0890625 0.184375
5 0.4875 0.3640625 0.0671875 0.16875
5 0.265625 0.375 0.0515625 0.15
5 0.6203125 0.415625 0.05625 0.15
5 0.75625 0.553125 0.08125 0.4671875
5 0.5671875 0.5703125 0.084375 0.4921875
5 0.4296875 0.578125 0.0796875 0.503125
5 0.83125 0.584375 0.1296875 0.478125
5 0.71875 0.596875 0.0921875 0.4609375
5 0.3015625 0.609375 0.06875 0.51875
5 0.65 0.6109375 0.1203125 0.5109375
5 0.50625 0.63125 0.1265625 0.5390625
5 0.2265625 0.6421875 0.146875 0.6
5 0.375 0.65 0.1296875 0.5921875
