5 0.6859375 0.240625 0.0578125 0.1421875
5 0.175 0.24375 0.0796875 0.2734375
5 0.30625 0.2453125 0.0546875 0.203125
5 0.43125 0.515625 0.1046875 0.8140625
5 0.89375 0.521875 0.1796875 0.9375
5 0.571875 0.540625 0.0671875 0.7171875
5 0.1875 0.553125 0.103125 0.8703125
5 0.734375 0.55625 0.1453125 0.8578125
5 0.825 0.5578125 0.1109375 0.8640625
5 0.503125 0.56875 0.1328125 0.7796875
5 0.2546875 0.578125 0.15 0.8234375
5 0.621875 0.58125 0.1171875 0.809375
5 0.1140625 0.5828125 0.1546875 0.8125
5 0.3703125 0.59375 0.1234375 0.7890625
