5 0.6109375 0.378125 0.11875 0.3515625
5 0.828125 0.4234375 0.109375 0.303125
5 0.3390625 0.63125 0.153125 0.3328125
5 0.7109375 0.3875 0.1078125 0.31875
5 0.8296875 0.6734375 0.140625 0.3375
5 0.7359375 0.646875 0.13125 0.303125
5 0.509375 0.371875 0.0984375 0.2875
5 0.390625 0.4 0.13125 0.4265625
5 0.215625 0.615625 0.2 0.30625
5 0.20625 0.4171875 0.0984375 0.35
5 0.44375 0.6125 0.1171875 0.321875
5 0.2875 0.390625 0.09375 0.2734375
5 0.634375 0.6265625 0.11875 0.2828125
5 0.540625 0.6125 0.1234375 0.3140625
