5 0.80625 0.5578125 0.1109375 0.496875
5 0.25625 0.5625 0.18125 0.4109375
5 0.153125 0.6109375 0.084375 0.4109375
5 0.3890625 0.546875 0.075 0.434375
5 0.584375 0.54375 0.0828125 0.4125
5 0.8875 0.51875 0.0984375 0.4734375
5 0.51875 0.6 0.078125 0.4046875
5 0.725 0.56875 0.0859375 0.4234375
5 0.659375 0.5375 0.0796875 0.415625
5 0.4640625 0.53125 0.0796875 0.4171875
5 0.3375 0.50625 0.0703125 0.4203125
5 0.76875 0.3234375 0.0546875 0.15
5 0.5390625 0.378125 0.06875 0.1796875
5 0.428125 0.2640625 0.075 0.1359375
5 0.134375 0.415625 0.1015625 0.2015625
5 0.509375 0.3 0.046875 0.128125
5 0.290625 0.325 0.0421875 0.1265625
5 0.215625 0.346875 0.0609375 0.1234375
5 0.603125 0.340625 0.06875 0.15625
5 0.73125 0.35625 0.0703125 0.1328125
5 0.390625 0.33125 0.0765625 0.1578125
5 0.26875 0.521875 0.10625 0.425
5 0.746875 0.2734375 0.028125 0.075
5 0.16875 0.359375 0.0359375 0.065625
5 0.64375 0.315625 0.040625 0.1046875
5 0.328125 0.2796875 0.0578125 0.090625
5 0.5703125 0.278125 0.0359375 0.103125
5 0.428125 0.340625 0.0484375 0.1546875
5 0.665625 0.3421875 0.0703125 0.15
5 0.8484375 0.33125 0.046875 0.1109375
5 0.4875 0.34375 0.046875 0.125
5 0.55 0.2546875 0.028125 0.075
5 0.8234375 0.3171875 0.0328125 0.1171875
5 0.640625 0.2765625 0.046875 0.128125
