5 0.0828125 0.7125 0.165625 0.453125
5 0.178125 0.4890625 0.10625 0.4703125
5 0.821875 0.41875 0.11875 0.7203125
5 0.921875 0.7359375 0.1421875 0.4375
5 0.790625 0.7234375 0.1953125 0.4390625
5 0.3078125 0.4828125 0.1515625 0.4296875
5 0.4828125 0.721875 0.1640625 0.446875
5 0.34375 0.740625 0.1265625 0.3765625
5 0.9203125 0.440625 0.1 0.4734375
5 0.575 0.4515625 0.1171875 0.403125
5 0.2109375 0.746875 0.1703125 0.396875
5 0.721875 0.359375 0.0953125 0.4515625
5 0.69375 0.5515625 0.1171875 0.521875
5 0.5875 0.71875 0.090625 0.421875
5 0.428125 0.55625 0.1265625 0.540625
5 0.48125 0.3125 0.1078125 0.41875
5 0.3875 0.25 0.09375 0.3890625
5 0.671875 0.753125 0.1046875 0.340625
5 0.2765625 0.428125 0.0859375 0.525
5 0.615625 0.2734375 0.0546875 0.2703125
