5 0.91875 0.628125 0.1078125 0.678125
5 0.78125 0.74375 0.1046875 0.484375
5 0.859375 0.58125 0.0828125 0.678125
5 0.34375 0.71875 0.09375 0.39375
5 0.621875 0.725 0.103125 0.4421875
5 0.10625 0.734375 0.103125 0.4421875
5 0.159375 0.44375 0.0703125 0.334375
5 0.0828125 0.5875 0.1046875 0.609375
5 0.253125 0.2265625 0.13125 0.29375
5 0.190625 0.715625 0.0859375 0.3921875
5 0.1 0.228125 0.078125 0.35
5 0.3375 0.4796875 0.078125 0.303125
5 0.696875 0.7453125 0.06875 0.4203125
5 0.8015625 0.465625 0.0640625 0.378125
5 0.221875 0.459375 0.078125 0.31875
5 0.265625 0.7203125 0.078125 0.3921875
5 0.284375 0.45625 0.071875 0.315625
5 0.753125 0.48125 0.0828125 0.3140625
5 0.4578125 0.5234375 0.078125 0.4828125
5 0.75 0.26875 0.0734375 0.334375
5 0.628125 0.25625 0.0640625 0.3625
5 0.6125 0.46875 0.075 0.3203125
5 0.39375 0.515625 0.06875 0.4921875
5 0.528125 0.540625 0.071875 0.4453125
5 0.5390625 0.721875 0.0703125 0.4109375
5 0.6796875 0.4796875 0.071875 0.3296875
5 0.434375 0.725 0.1078125 0.384375
5 0.321875 0.3125 0.0515625 0.16875
5 0.5703125 0.453125 0.0609375 0.3453125
5 0.428125 0.309375 0.0421875 0.178125
5 0.4890625 0.34375 0.04375 0.1734375
