5 0.13125 0.553125 0.1171875 0.7625
5 0.909375 0.5125 0.1328125 0.8203125
5 0.7234375 0.678125 0.1828125 0.60625
5 0.325 0.690625 0.140625 0.6046875
5 0.2328125 0.53125 0.125 0.771875
5 0.4546875 0.6875 0.14375 0.6
5 0.79375 0.5265625 0.128125 0.7703125
5 0.55 0.325 0.134375 0.3875
5 0.584375 0.6515625 0.159375 0.640625
5 0.340625 0.35 0.11875 0.35625
5 0.440625 0.365625 0.1109375 0.3296875
5 0.675 0.3328125 0.140625 0.35625
5 0.046875 0.4078125 0.0203125 0.0484375
5 0.028125 0.403125 0.021875 0.0375
5 0.065625 0.403125 0.021875 0.0390625
5 0.009375 0.4125 0.0171875 0.0546875
