5 0.6375 0.503125 0.0484375 0.16875
5 0.796875 0.5375 0.0421875 0.10625
5 0.5421875 0.55 0.06875 0.2078125
5 0.31875 0.55 0.0546875 0.165625
5 0.440625 0.55 0.0671875 0.2078125
5 0.515625 0.553125 0.028125 0.06875
5 0.678125 0.6890625 0.1296875 0.609375
5 0.18125 0.7171875 0.1 0.5265625
5 0.7546875 0.71875 0.140625 0.5421875
5 0.371875 0.73125 0.1359375 0.525
5 0.865625 0.7390625 0.128125 0.496875
5 0.2515625 0.740625 0.1328125 0.503125
5 0.5921875 0.740625 0.090625 0.5
5 0.4921875 0.74375 0.1265625 0.4953125
5 0.0953125 0.7625 0.1609375 0.4609375
