5 0.8625 0.6109375 0.1 0.475
5 0.76875 0.603125 0.115625 0.48125
5 0.284375 0.590625 0.1265625 0.403125
5 0.415625 0.6234375 0.084375 0.371875
5 0.16875 0.5625 0.09375 0.41875
5 0.68125 0.6125 0.0890625 0.4625
5 0.4546875 0.56875 0.0796875 0.4203125
5 0.2171875 0.58125 0.0796875 0.3921875
5 0.55 0.60625 0.0890625 0.4296875
5 0.6171875 0.60625 0.0703125 0.446875
5 0.375 0.59375 0.0546875 0.3984375
5 0.709375 0.4125 0.0453125 0.103125
5 0.3328125 0.578125 0.05 0.3703125
5 0.34375 0.41875 0.0421875 0.090625
5 0.496875 0.4234375 0.0390625 0.103125
5 0.64375 0.415625 0.0390625 0.109375
5 0.515625 0.590625 0.0609375 0.4125
5 0.51875 0.496875 0.05625 0.215625
