5 0.2125 0.3625 0.04375 0.0546875
5 0.39375 0.434375 0.0703125 0.1671875
5 0.83125 0.453125 0.109375 0.18125
5 0.55 0.4625 0.05 0.090625
5 0.284375 0.46875 0.0546875 0.1140625
5 0.7 0.4703125 0.046875 0.146875
5 0.653125 0.48125 0.071875 0.18125
5 0.7765625 0.484375 0.0390625 0.0859375
5 0.584375 0.4921875 0.0625 0.1734375
5 0.225 0.5 0.0828125 0.25
5 0.146875 0.509375 0.1265625 0.2765625
5 0.45625 0.5375 0.1203125 0.3046875
5 0.078125 0.55 0.1296875 0.453125
5 0.846875 0.565625 0.1171875 0.2765625
5 0.3578125 0.58125 0.115625 0.3578125
5 0.521875 0.5828125 0.0921875 0.375
5 0.584375 0.5953125 0.0609375 0.38125
5 0.740625 0.61875 0.1140625 0.3640625
5 0.615625 0.6953125 0.109375 0.4921875
5 0.3078125 0.7484375 0.1953125 0.4875
5 0.125 0.753125 0.2125 0.48125
5 0.675 0.78125 0.1578125 0.4234375
5 0.490625 0.78125 0.2015625 0.4296875
5 0.828125 0.790625 0.1484375 0.409375
