5 0.64375 0.5 0.075 0.3484375
5 0.10625 0.6375 0.1375 0.334375
5 0.91875 0.578125 0.1 0.43125
5 0.834375 0.478125 0.090625 0.2640625
5 0.840625 0.690625 0.1390625 0.33125
5 0.2046875 0.425 0.0828125 0.2140625
5 0.1125 0.43125 0.1140625 0.23125
5 0.2703125 0.45 0.0875 0.209375
5 0.746875 0.66875 0.1015625 0.328125
5 0.1953125 0.6609375 0.1203125 0.29375
5 0.3046875 0.6453125 0.115625 0.3078125
5 0.559375 0.428125 0.075 0.16875
5 0.35625 0.528125 0.0921875 0.3890625
5 0.70625 0.51875 0.0578125 0.3921875
5 0.475 0.428125 0.0796875 0.2421875
5 0.4 0.465625 0.0625 0.3125
5 0.7421875 0.5125 0.078125 0.2953125
5 0.7953125 0.4671875 0.0640625 0.259375
5 0.25 0.5484375 0.078125 0.1984375
