5 0.7078125 0.1984375 0.078125 0.30625
5 0.653125 0.2234375 0.1046875 0.340625
5 0.83125 0.2296875 0.0609375 0.178125
5 0.35 0.2375 0.0828125 0.2453125
5 0.565625 0.2375 0.084375 0.271875
5 0.7625 0.259375 0.04375 0.2515625
5 0.2421875 0.259375 0.046875 0.1921875
5 0.49375 0.28125 0.0828125 0.328125
5 0.43125 0.2875 0.0765625 0.33125
5 0.884375 0.396875 0.109375 0.4921875
5 0.80625 0.4625 0.0875 0.475
5 0.7296875 0.4875 0.0953125 0.415625
5 0.64375 0.49375 0.096875 0.4390625
5 0.5671875 0.5125 0.1078125 0.45625
5 0.378125 0.5484375 0.1046875 0.6328125
5 0.478125 0.5625 0.09375 0.45625
5 0.121875 0.578125 0.15 0.765625
5 0.303125 0.5859375 0.0984375 0.678125
5 0.2 0.60625 0.178125 0.7671875
