5 0.875 0.71875 0.1203125 0.5453125
5 0.759375 0.73125 0.1078125 0.525
5 0.2375 0.7109375 0.134375 0.559375
5 0.55625 0.7109375 0.115625 0.565625
5 0.1234375 0.71875 0.1328125 0.5328125
5 0.65625 0.7390625 0.1015625 0.5015625
5 0.4515625 0.7140625 0.1015625 0.5546875
5 0.34375 0.71875 0.128125 0.5453125
5 0.140625 0.40625 0.109375 0.296875
5 0.628125 0.43125 0.0828125 0.2328125
5 0.496875 0.4390625 0.0734375 0.325
5 0.390625 0.43125 0.0875 0.23125
5 0.221875 0.4515625 0.096875 0.28125
5 0.4359375 0.371875 0.06875 0.1859375
5 0.3140625 0.425 0.0875 0.2921875
5 0.553125 0.428125 0.0796875 0.234375
5 0.915625 0.5453125 0.0828125 0.4046875
5 0.678125 0.478125 0.0703125 0.3453125
5 0.815625 0.453125 0.0984375 0.2859375
5 0.26875 0.346875 0.0640625 0.1671875
5 0.746875 0.4390625 0.0734375 0.2
5 0.584375 0.35625 0.05 0.140625
5 0.778125 0.353125 0.0453125 0.1484375
5 0.709375 0.3671875 0.0375 0.1671875
