5 0.34375 0.2984375 0.0625 0.1296875
5 0.43125 0.309375 0.0859375 0.1765625
5 0.61875 0.309375 0.109375 0.1625
5 0.515625 0.31875 0.078125 0.1796875
5 0.028125 0.3328125 0.05 0.225
5 0.134375 0.540625 0.178125 0.7859375
5 0.2625 0.55625 0.140625 0.703125
5 0.81875 0.571875 0.1109375 0.7234375
5 0.903125 0.5984375 0.128125 0.7453125
5 0.3203125 0.60625 0.153125 0.6578125
5 0.75 0.609375 0.1484375 0.740625
5 0.640625 0.615625 0.125 0.671875
5 0.425 0.6171875 0.140625 0.6234375
5 0.5375 0.625 0.121875 0.6484375
