5 0.75625 0.4125 0.0546875 0.1203125
5 0.2609375 0.415625 0.046875 0.1171875
5 0.175 0.4203125 0.065625 0.1515625
5 0.890625 0.4296875 0.06875 0.1171875
5 0.825 0.465625 0.103125 0.1859375
5 0.95625 0.484375 0.0828125 0.24375
5 0.6421875 0.603125 0.0984375 0.503125
5 0.3109375 0.63125 0.0984375 0.50625
5 0.1328125 0.6359375 0.0984375 0.5375
5 0.23125 0.646875 0.121875 0.5375
5 0.553125 0.65 0.1234375 0.5609375
5 0.73125 0.65 0.0984375 0.5078125
5 0.409375 0.66875 0.1296875 0.584375
5 0.08125 0.6703125 0.1625 0.646875
5 0.6640625 0.675 0.1015625 0.5
5 0.828125 0.684375 0.121875 0.496875
5 0.9296875 0.69375 0.1359375 0.54375
