5 0.3359375 0.421875 0.1296875 0.440625
5 0.6453125 0.43125 0.1453125 0.45625
5 0.4234375 0.434375 0.140625 0.465625
5 0.8765625 0.359375 0.1125 0.38125
5 0.2625 0.40625 0.1171875 0.4203125
5 0.7265625 0.409375 0.1140625 0.434375
5 0.096875 0.36875 0.1203125 0.359375
5 0.5328125 0.4640625 0.1046875 0.4765625
5 0.1640625 0.378125 0.1171875 0.3828125
5 0.209375 0.384375 0.115625 0.4046875
5 0.7859375 0.3875 0.09375 0.40625
5 0.915625 0.346875 0.0765625 0.3515625
5 0.83125 0.36875 0.084375 0.375
5 0.534375 0.2265625 0.1421875 0.171875
