5 0.2171875 0.684375 0.29375 0.6015625
5 0.0765625 0.371875 0.153125 0.5640625
5 0.921875 0.615625 0.1515625 0.7109375
5 0.2 0.290625 0.1125 0.25625
5 0.528125 0.43125 0.090625 0.35625
5 0.815625 0.6828125 0.1140625 0.41875
5 0.434375 0.728125 0.2375 0.53125
5 0.7765625 0.4109375 0.1296875 0.3609375
5 0.4390625 0.409375 0.1 0.3875
5 0.60625 0.65625 0.140625 0.3796875
5 0.71875 0.646875 0.1453125 0.3640625
5 0.340625 0.7109375 0.16875 0.55625
5 0.6 0.41875 0.0953125 0.365625
5 0.2828125 0.375 0.0953125 0.3796875
5 0.365625 0.378125 0.0953125 0.3765625
5 0.678125 0.4359375 0.109375 0.3359375
5 0.4921875 0.5921875 0.096875 0.2625
5 0.24375 0.646875 0.1640625 0.534375
