5 0.896875 0.55 0.1921875 0.878125
5 0.75625 0.6625 0.1265625 0.65625
5 0.0921875 0.559375 0.15625 0.8609375
5 0.578125 0.678125 0.115625 0.628125
5 0.2265625 0.66875 0.1390625 0.6515625
5 0.46875 0.671875 0.1484375 0.640625
5 0.34375 0.6625 0.1375 0.659375
5 0.1984375 0.3609375 0.1140625 0.2359375
5 0.653125 0.6625 0.103125 0.6421875
5 0.671875 0.35625 0.06875 0.24375
5 0.56875 0.3671875 0.1046875 0.2625
5 0.475 0.35 0.29375 0.2890625
5 0.28125 0.35625 0.0796875 0.23125
5 0.40625 0.3875 0.0828125 0.225
5 0.28125 0.6078125 0.0875 0.7296875
5 0.40625 0.5 0.0796875 0.4515625
5 0.7609375 0.434375 0.1328125 0.4171875
5 0.475 0.378125 0.1421875 0.2109375
