5 0.06875 0.6578125 0.1375 0.6625
5 0.8453125 0.6203125 0.146875 0.625
5 0.40625 0.61875 0.1484375 0.665625
5 0.7125 0.615625 0.140625 0.6109375
5 0.1734375 0.68125 0.121875 0.6265625
5 0.2796875 0.609375 0.1484375 0.7265625
5 0.61875 0.5875 0.10625 0.59375
5 0.53125 0.6125 0.1328125 0.6234375
5 0.309375 0.23125 0.1015625 0.375
5 0.1984375 0.2328125 0.1234375 0.459375
5 0.925 0.58125 0.1328125 0.6234375
5 0.596875 0.2234375 0.121875 0.325
5 0.403125 0.2171875 0.103125 0.3578125
5 0.7625 0.34375 0.078125 0.215625
5 0.490625 0.24375 0.0921875 0.3484375
5 0.7625 0.55 0.078125 0.6203125
