5 0.2984375 0.328125 0.1109375 0.3078125
5 0.6765625 0.3375 0.075 0.25
5 0.5078125 0.353125 0.1 0.3421875
5 0.134375 0.3625 0.1515625 0.3125
5 0.2203125 0.365625 0.0859375 0.2828125
5 0.734375 0.375 0.0875 0.209375
5 0.378125 0.390625 0.0953125 0.340625
5 0.60625 0.43125 0.103125 0.4296875
5 0.865625 0.60625 0.20625 0.5515625
5 0.54375 0.6203125 0.1484375 0.6
5 0.43125 0.64375 0.1375 0.6796875
5 0.309375 0.6625 0.1296875 0.4734375
5 0.78125 0.665625 0.153125 0.44375
5 0.63125 0.6671875 0.096875 0.4671875
5 0.7125 0.6734375 0.0953125 0.4796875
5 0.09375 0.6984375 0.1265625 0.54375
5 0.2078125 0.703125 0.14375 0.5015625
