5 0.9125 0.5890625 0.1 0.503125
5 0.08125 0.5578125 0.1015625 0.546875
5 0.6515625 0.66875 0.1328125 0.3890625
5 0.14375 0.571875 0.1 0.496875
5 0.7609375 0.675 0.1171875 0.3859375
5 0.384375 0.584375 0.1125 0.5015625
5 0.8140625 0.6 0.1140625 0.5046875
5 0.321875 0.7 0.109375 0.3234375
5 0.2359375 0.575 0.109375 0.4921875
5 0.55 0.6671875 0.0953125 0.384375
5 0.5859375 0.465625 0.078125 0.2140625
5 0.5828125 0.33125 0.0734375 0.2359375
5 0.6625 0.375 0.0859375 0.2203125
5 0.725 0.4703125 0.0828125 0.234375
5 0.446875 0.325 0.0734375 0.209375
5 0.4703125 0.7015625 0.1015625 0.2859375
5 0.503125 0.3234375 0.0484375 0.225
5 0.35625 0.303125 0.0859375 0.2453125
5 0.665625 0.49375 0.059375 0.1640625
5 0.5125 0.5 0.078125 0.296875
5 0.259375 0.321875 0.0640625 0.184375
5 0.1984375 0.3359375 0.0578125 0.1609375
5 0.3 0.503125 0.078125 0.3125
5 0.446875 0.5671875 0.0703125 0.44375
5 0.63125 0.3296875 0.05 0.209375
5 0.4171875 0.2984375 0.0546875 0.228125
5 0.540625 0.328125 0.0421875 0.21875
5 0.628125 0.240625 0.0703125 0.1296875
5 0.30625 0.2734375 0.0578125 0.1921875
5 0.0609375 0.325 0.0671875 0.1765625
5 0.9265625 0.384375 0.0734375 0.2546875
5 0.74375 0.359375 0.0625 0.11875
5 0.1421875 0.321875 0.06875 0.1265625
