5 0.1625 0.58125 0.2171875 0.6765625
5 0.328125 0.665625 0.1796875 0.5140625
5 0.459375 0.653125 0.1390625 0.4828125
5 0.56875 0.5875 0.1109375 0.5609375
5 0.678125 0.5703125 0.1296875 0.51875
5 0.90625 0.559375 0.1484375 0.5578125
5 0.78125 0.534375 0.134375 0.54375
5 0.603125 0.284375 0.140625 0.2375
5 0.2625 0.4578125 0.1140625 0.2828125
5 0.3625 0.415625 0.0859375 0.196875
5 0.61875 0.35625 0.05625 0.1234375
5 0.709375 0.3625 0.0515625 0.1046875
5 0.4890625 0.378125 0.1265625 0.259375
5 0.309375 0.371875 0.059375 0.103125
