1 1 0.121875 0.2203125 0.17578125
1 1 0.1109375 0.209375 0.1703125
1 1 0.1109375 0.1859375 0.2171875
1 1 0.15859375 0.284375 0.1515625
1 1 0.325 0.2484375 0.140625
1 1 0.32890625 0.29296875 0.146875
1 1 0.321875 0.234375 0.13515625
1 1 0.325 0.290625 0.13671875
1 1 0.509375 0.2484375 0.14453125
1 1 0.49296875 0.203125 0.20703125
1 1 0.5171875 0.20859375 0.16796875
1 1 0.6859375 0.23984375 0.15
1 1 0.6921875 0.20859375 0.13671875
1 1 0.70859375 0.21328125 0.13828125
1 1 0.72265625 0.25625 0.1375
1 1 0.89453125 0.2578125 0.16640625
1 1 0.8734375 0.23203125 0.16953125
1 1 0.8859375 0.2109375 0.178125
1 1 0.8953125 0.2296875 0.1578125
