1 1 0.90078125 0.409375 0.1984375
1 1 0.76640625 0.32890625 0.203125
1 1 0.62265625 0.28515625 0.13359375
1 1 0.56328125 0.175 0.11328125
1 1 0.49140625 0.2390625 0.13359375
1 1 0.4015625 0.17734375 0.0578125
1 1 0.36484375 0.21640625 0.04453125
1 1 0.31328125 0.16328125 0.0578125
1 1 0.3484375 0.184375 0.075
1 1 0.39609375 0.175 0.0328125
1 1 0.4375 0.19296875 0.02890625
1 1 0.4984375 0.23671875 0.06171875
1 1 0.57734375 0.28046875 0.08515625
1 1 0.6578125 0.3234375 0.10625
1 1 0.8046875 0.3375 0.16796875
1 1 0.43046875 0.084375 0.10625
1 1 0.6015625 0.1609375 0.1640625
1 1 0.48515625 0.19296875 0.10390625
1 1 0.4171875 0.2234375 0.12109375
1 1 0.3546875 0.25546875 0.10234375
1 1 0.2921875 0.1125 0.034375
1 1 0.25078125 0.13828125 0.06796875
1 1 0.1984375 0.1171875 0.06015625
1 1 0.1875 0.07109375 0.04765625
1 1 0.19921875 0.078125 0.04765625
1 1 0.1375 0.04609375 0.0390625
1 1 0.15703125 0.025 0.01171875
1 1 0.1515625 0.07109375 0.02734375
1 1 0.18515625 0.0625 0.02734375
1 1 0.21015625 0.08984375 0.03203125
1 1 0.2515625 0.096875 0.0375
1 1 0.18671875 0.06640625 0.03203125
1 1 0.14296875 0.06875 0.03046875
1 1 0.13984375 0.06875 0.0640625
1 1 0.11640625 0.08046875 0.04296875
1 1 0.3125 0.1515625 0.05625
1 1 0.27890625 0.184375 0.0546875
1 1 0.2390625 0.08046875 0.034375
1 1 0.2109375 0.11484375 0.03046875
1 1 0.1890625 0.078125 0.01875
1 1 0.16015625 0.07578125 0.0328125
1 1 0.134375 0.05546875 0.01328125
1 1 0.10546875 0.06875 0.03046875
