1 1 0.81796875 0.18203125 0.17421875
1 1 0.928125 0.1578125 0.14375
1 1 0.9625 0.1703125 0.075
1 1 0.93671875 0.07265625 0.1265625
1 1 0.796875 0.078125 0.1390625
1 1 0.69140625 0.140625 0.17890625
1 1 0.7875 0.1203125 0.13984375
1 1 0.7875 0.0515625 0.12578125
1 1 0.8921875 0.10546875 0.096875
1 1 0.66171875 0.0953125 0.1140625
1 1 0.58671875 0.146875 0.12734375
1 1 0.48125 0.165625 0.2015625
1 1 0.55546875 0.171875 0.17265625
1 1 0.61015625 0.11875 0.11171875
1 1 0.69609375 0.10078125 0.07734375
1 1 0.75 0.11328125 0.18125
1 1 0.6390625 0.18203125 0.12890625
1 1 0.55859375 0.08828125 0.09453125
1 1 0.4578125 0.05546875 0.08984375
1 1 0.48515625 0.1546875 0.15
1 1 0.6359375 0.2 0.1375
1 1 0.784375 0.171875 0.11875
1 1 0.20546875 0.10078125 0.12265625
1 1 0.12421875 0.10234375 0.14296875
1 1 0.228125 0.0625 0.1328125
1 1 0.25546875 0.14140625 0.19296875
1 1 0.25546875 0.10546875 0.06875
1 1 0.35625 0.0984375 0.08828125
1 1 0.28125 0.1125 0.1203125
