5 0.8546875 0.615625 0.090625 0.303125
5 0.43125 0.509375 0.0609375 0.29375
5 0.55625 0.559375 0.1171875 0.546875
5 0.2921875 0.484375 0.096875 0.409375
5 0.625 0.5859375 0.140625 0.434375
5 0.725 0.61875 0.1421875 0.5609375
5 0.884375 0.6625 0.09375 0.40625
5 0.6828125 0.609375 0.0828125 0.45
5 0.5 0.5625 0.1890625 0.6171875
5 0.80625 0.65 0.10625 0.3921875
5 0.3921875 0.54375 0.0953125 0.459375
5 0.3296875 0.525 0.1328125 0.43125
5 0.178125 0.496875 0.159375 0.746875
5 0.0859375 0.471875 0.171875 0.73125
5 0.921875 0.7109375 0.15625 0.4953125
5 0.771875 0.6765625 0.05625 0.296875
