5 0.5 0.634375 0.009375 0.040625
5 0.65625 0.634375 0.015625 0.05625
5 0.48125 0.6375 0.0125 0.0578125
5 0.771875 0.6390625 0.0234375 0.0953125
5 0.45625 0.640625 0.015625 0.0703125
5 0.54375 0.6484375 0.015625 0.0828125
5 0.425 0.65625 0.025 0.09375
5 0.10625 0.6609375 0.0265625 0.0984375
5 0.990625 0.675 0.015625 0.2109375
5 0.384375 0.678125 0.0359375 0.1453125
5 0.2796875 0.7015625 0.0578125 0.203125
5 0.071875 0.7015625 0.0234375 0.196875
5 0.821875 0.70625 0.0765625 0.3109375
5 0.6125 0.71875 0.0671875 0.3234375
5 0.69375 0.721875 0.046875 0.31875
5 0.7359375 0.725 0.0453125 0.2890625
5 0.021875 0.73125 0.0421875 0.2265625
