5 0.496875 0.334375 0.08125 0.2078125
5 0.640625 0.3578125 0.0640625 0.29375
5 0.721875 0.340625 0.0671875 0.284375
5 0.6921875 0.359375 0.0625 0.2640625
5 0.38125 0.428125 0.034375 0.20625
5 0.4125 0.428125 0.0453125 0.1921875
5 0.228125 0.484375 0.090625 0.390625
5 0.3625 0.478125 0.0625 0.3421875
5 0.228125 0.521875 0.0984375 0.3765625
5 0.4625 0.4828125 0.1171875 0.3921875
5 0.64375 0.459375 0.0859375 0.384375
5 0.346875 0.5265625 0.0828125 0.3890625
5 0.1640625 0.56875 0.10625 0.4296875
5 0.4765625 0.5234375 0.090625 0.3609375
5 0.3078125 0.565625 0.1234375 0.4984375
5 0.6140625 0.546875 0.1171875 0.5625
5 0.5140625 0.58125 0.090625 0.44375
5 0.7875 0.540625 0.125 0.503125
5 0.853125 0.55625 0.1140625 0.490625
