5 0.85625 0.415625 0.090625 0.303125
5 0.4375 0.546875 0.0609375 0.2921875
5 0.5640625 0.525 0.1171875 0.546875
5 0.3 0.6 0.096875 0.409375
5 0.634375 0.5125 0.140625 0.434375
5 0.734375 0.4890625 0.1421875 0.5609375
5 0.89375 0.44375 0.09375 0.4078125
5 0.6921875 0.5046875 0.0828125 0.45
5 0.509375 0.559375 0.1890625 0.6171875
5 0.815625 0.475 0.10625 0.390625
5 0.4046875 0.6 0.096875 0.459375
5 0.3421875 0.6171875 0.1328125 0.43125
5 0.19375 0.65 0.1609375 0.696875
5 0.09375 0.671875 0.1875 0.65625
5 0.928125 0.46875 0.140625 0.4953125
5 0.7890625 0.51875 0.05625 0.296875
