5 0.26875 0.803125 0.0796875 0.2546875
5 0.515625 0.8 0.0828125 0.2953125
5 0.478125 0.80625 0.0421875 0.2578125
5 0.7890625 0.796875 0.0375 0.271875
5 0.434375 0.8125 0.05625 0.23125
5 0.565625 0.809375 0.053125 0.228125
5 0.684375 0.809375 0.034375 0.2390625
5 0.375 0.81875 0.0421875 0.265625
5 0.35 0.8203125 0.0609375 0.2609375
5 0.73125 0.809375 0.071875 0.2828125
5 0.63125 0.8125 0.071875 0.259375
5 0.165625 0.828125 0.0625 0.259375
5 0.696875 0.8125 0.065625 0.2703125
5 0.83125 0.809375 0.0671875 0.2609375
5 0.26875 0.8265625 0.0734375 0.2578125
5 0.8859375 0.8078125 0.0453125 0.265625
5 0.7546875 0.8125 0.0734375 0.3
5 0.2109375 0.8328125 0.046875 0.275
5 0.8046875 0.8140625 0.0421875 0.23125
5 0.546875 0.821875 0.071875 0.259375
5 0.10625 0.8390625 0.046875 0.2609375
5 0.3921875 0.8296875 0.084375 0.2265625
5 0.1078125 0.840625 0.0375 0.2390625
5 0.596875 0.8265625 0.05 0.240625
5 0.3078125 0.834375 0.078125 0.2578125
5 0.140625 0.846875 0.028125 0.25
5 0.871875 0.8296875 0.0828125 0.25625
