5 0.484375 0.6484375 0.0390625 0.103125
5 0.5296875 0.6671875 0.04375 0.10625
5 0.459375 0.640625 0.0296875 0.109375
5 0.515625 0.6625 0.0296875 0.0984375
5 0.446875 0.6375 0.0265625 0.09375
5 0.4125 0.625 0.028125 0.1046875
5 0.384375 0.615625 0.0390625 0.109375
5 0.5015625 0.6625 0.03125 0.1125
5 0.5765625 0.690625 0.0359375 0.1109375
5 0.353125 0.60625 0.046875 0.1171875
5 0.6328125 0.7125 0.028125 0.0875
5 0.646875 0.721875 0.0359375 0.1140625
5 0.678125 0.734375 0.0484375 0.128125
5 0.7484375 0.7625 0.028125 0.109375
5 0.7171875 0.753125 0.0390625 0.0921875
5 0.7015625 0.75 0.0484375 0.109375
