5 0.4953125 0.6515625 0.034375 0.0984375
5 0.540625 0.659375 0.0390625 0.1
5 0.46875 0.6484375 0.0234375 0.109375
5 0.5265625 0.659375 0.0234375 0.096875
5 0.45625 0.646875 0.0203125 0.090625
5 0.421875 0.6421875 0.0203125 0.1015625
5 0.3921875 0.640625 0.0328125 0.10625
5 0.5125 0.6609375 0.025 0.109375
5 0.5890625 0.671875 0.0296875 0.109375
5 0.3609375 0.6375 0.0390625 0.1125
5 0.646875 0.684375 0.021875 0.0859375
5 0.6609375 0.6875 0.03125 0.109375
5 0.6921875 0.69375 0.040625 0.1234375
5 0.765625 0.70625 0.0203125 0.109375
5 0.7328125 0.7046875 0.0328125 0.0875
5 0.7171875 0.703125 0.0421875 0.1046875
