5 0.490625 0.334375 0.0859375 0.2109375
5 0.634375 0.34375 0.071875 0.296875
5 0.71875 0.3203125 0.075 0.2859375
5 0.6875 0.3421875 0.0703125 0.265625
5 0.3796875 0.4390625 0.0390625 0.20625
5 0.4109375 0.4359375 0.0515625 0.1953125
5 0.228125 0.509375 0.1 0.3921875
5 0.3625 0.490625 0.071875 0.34375
5 0.228125 0.546875 0.109375 0.38125
5 0.4625 0.4859375 0.128125 0.396875
5 0.64375 0.446875 0.096875 0.3859375
5 0.346875 0.540625 0.0921875 0.390625
5 0.165625 0.6 0.1171875 0.434375
5 0.4765625 0.525 0.1 0.3640625
5 0.309375 0.58125 0.1375 0.503125
5 0.615625 0.534375 0.1328125 0.5671875
5 0.5171875 0.578125 0.103125 0.446875
5 0.7875 0.5125 0.1375 0.5078125
5 0.8546875 0.521875 0.1265625 0.4953125
