5 0.421875 0.70625 0.0171875 0.08125
5 0.40625 0.7296875 0.025 0.140625
5 0.2796875 0.765625 0.0359375 0.1734375
5 0.715625 0.715625 0.046875 0.2046875
5 0.1796875 0.81875 0.040625 0.184375
5 0.6984375 0.721875 0.0796875 0.221875
5 0.903125 0.6828125 0.0578125 0.240625
5 0.778125 0.7125 0.05 0.2046875
5 0.9375 0.6875 0.04375 0.221875
5 0.60625 0.759375 0.0734375 0.309375
5 0.3953125 0.8 0.0484375 0.2546875
5 0.346875 0.815625 0.046875 0.259375
5 0.6515625 0.76875 0.0671875 0.271875
5 0.553125 0.7875 0.0375 0.09375
5 0.878125 0.7265625 0.08125 0.309375
5 0.8375 0.740625 0.0625 0.26875
5 0.9609375 0.721875 0.0765625 0.3484375
5 0.371875 0.840625 0.075 0.3140625
5 0.3125 0.85625 0.071875 0.2828125
