5 0.7390625 0.553125 0.04375 0.190625
5 0.778125 0.5515625 0.075 0.225
5 0.115625 0.7703125 0.071875 0.371875
5 0.903125 0.534375 0.065625 0.23125
5 0.384375 0.7015625 0.0921875 0.3875
5 0.5015625 0.665625 0.065625 0.2890625
5 0.1625 0.771875 0.1265625 0.4546875
5 0.421875 0.696875 0.078125 0.3578125
5 0.7625 0.5953125 0.0453125 0.2390625
5 0.46875 0.7 0.1359375 0.5078125
5 0.290625 0.7671875 0.0875 0.4390625
5 0.34375 0.75 0.14375 0.4984375
5 0.6734375 0.675 0.1765625 0.571875
5 0.56875 0.7140625 0.1390625 0.55
5 0.2390625 0.784375 0.165625 0.428125
5 0.828125 0.675 0.1390625 0.4703125
