5 0.171875 0.203125 0.0265625 0.071875
5 0.140625 0.2015625 0.025 0.090625
5 0.4125 0.2453125 0.015625 0.0640625
5 0.065625 0.19375 0.0265625 0.096875
5 0.0875 0.196875 0.0296875 0.0890625
5 0.2828125 0.23125 0.0203125 0.090625
5 0.4671875 0.2640625 0.0234375 0.0953125
5 0.2671875 0.234375 0.0203125 0.09375
5 0.48125 0.26875 0.015625 0.0734375
5 0.89375 0.35625 0.0265625 0.103125
5 0.959375 0.384375 0.021875 0.1109375
5 0.5390625 0.3515625 0.0859375 0.315625
5 0.8015625 0.534375 0.146875 0.728125
5 0.765625 0.5625 0.1671875 0.7921875
5 0.3390625 0.515625 0.190625 0.9328125
5 0.628125 0.56875 0.1890625 0.8609375
