5 0.559375 0.2375 0.0125 0.0421875
5 0.15 0.259375 0.0140625 0.0375
5 0.415625 0.26875 0.0125 0.0484375
5 0.56875 0.2796875 0.0140625 0.053125
5 0.759375 0.275 0.0140625 0.0546875
5 0.31875 0.290625 0.0109375 0.0546875
5 0.7 0.284375 0.015625 0.053125
5 0.6703125 0.290625 0.0125 0.0609375
5 0.6828125 0.290625 0.0125 0.059375
5 0.525 0.296875 0.0125 0.059375
5 0.2171875 0.309375 0.015625 0.046875
5 0.6609375 0.296875 0.0125 0.0609375
5 0.4484375 0.303125 0.0140625 0.059375
5 0.5046875 0.30625 0.0125 0.065625
5 0.5625 0.30625 0.0125 0.046875
5 0.553125 0.309375 0.0125 0.05625
5 0.625 0.30625 0.015625 0.0546875
5 0.5859375 0.309375 0.015625 0.0421875
5 0.18125 0.325 0.0125 0.0484375
5 0.4328125 0.31875 0.0125 0.0640625
5 0.5390625 0.31875 0.0171875 0.059375
5 0.165625 0.3296875 0.0140625 0.046875
5 0.35 0.328125 0.015625 0.05
5 0.2875 0.328125 0.015625 0.059375
5 0.23125 0.334375 0.0140625 0.0546875
5 0.2015625 0.334375 0.0140625 0.059375
5 0.3625 0.33125 0.015625 0.0609375
5 0.2625 0.334375 0.0171875 0.06875
5 0.271875 0.3359375 0.0140625 0.0625
5 0.246875 0.3375 0.015625 0.0625
5 0.3140625 0.3390625 0.015625 0.0546875
5 0.375 0.3390625 0.0125 0.0609375
5 0.60625 0.3328125 0.0171875 0.0546875
5 0.646875 0.33125 0.0125 0.0546875
5 0.6375 0.33125 0.0125 0.059375
5 0.59375 0.3359375 0.0140625 0.0578125
5 0.465625 0.340625 0.015625 0.065625
5 0.565625 0.340625 0.015625 0.0765625
5 0.7 0.3375 0.01875 0.0703125
5 0.515625 0.34375 0.0203125 0.0671875
5 0.2125 0.35625 0.0171875 0.0640625
5 0.45 0.35 0.0140625 0.0703125
5 0.4171875 0.35625 0.01875 0.0734375
5 0.403125 0.359375 0.0125 0.0640625
5 0.3234375 0.3625 0.015625 0.0703125
5 0.428125 0.359375 0.015625 0.059375
5 0.584375 0.35625 0.01875 0.0703125
5 0.0765625 0.371875 0.0203125 0.040625
5 0.0984375 0.371875 0.021875 0.071875
5 0.2390625 0.36875 0.01875 0.046875
5 0.1859375 0.3734375 0.0140625 0.065625
5 0.390625 0.3671875 0.021875 0.0734375
5 0.628125 0.3625 0.0125 0.0703125
5 0.16875 0.378125 0.0203125 0.078125
5 0.3390625 0.371875 0.0171875 0.0609375
5 0.3515625 0.378125 0.0171875 0.0734375
5 0.2984375 0.3828125 0.015625 0.05625
5 0.6203125 0.371875 0.015625 0.06875
5 0.490625 0.38125 0.0140625 0.075
5 0.4796875 0.38125 0.015625 0.0765625
5 0.3109375 0.390625 0.015625 0.075
5 0.2859375 0.396875 0.015625 0.0546875
5 0.13125 0.40625 0.021875 0.0828125
5 0.115625 0.409375 0.01875 0.090625
5 0.05625 0.4140625 0.01875 0.078125
5 0.425 0.4046875 0.0140625 0.065625
5 0.8703125 0.3921875 0.0265625 0.0734375
5 0.3 0.409375 0.0125 0.04375
5 0.240625 0.4140625 0.0203125 0.0765625
5 0.21875 0.4171875 0.0171875 0.0609375
5 0.228125 0.415625 0.0140625 0.0796875
5 0.79375 0.403125 0.0234375 0.0890625
5 0.075 0.425 0.021875 0.0828125
5 0.903125 0.3984375 0.0203125 0.0734375
5 0.146875 0.4234375 0.0171875 0.078125
5 0.384375 0.4171875 0.0171875 0.065625
5 0.3625 0.4234375 0.01875 0.0421875
5 0.61875 0.415625 0.0171875 0.0765625
5 0.65625 0.415625 0.028125 0.090625
5 0.865625 0.4109375 0.0171875 0.0375
5 0.0328125 0.4375 0.021875 0.0859375
5 0.18125 0.4359375 0.0140625 0.0828125
5 0.415625 0.434375 0.021875 0.0921875
5 0.778125 0.4234375 0.01875 0.05625
5 0.015625 0.4515625 0.0171875 0.053125
5 0.19375 0.446875 0.01875 0.084375
5 0.1703125 0.45 0.021875 0.0875
5 0.36875 0.44375 0.021875 0.0546875
5 0.2046875 0.453125 0.0125 0.10625
5 0.2703125 0.4515625 0.0203125 0.096875
5 0.21875 0.4546875 0.01875 0.096875
5 0.8640625 0.434375 0.01875 0.0484375
5 0.69375 0.440625 0.01875 0.0578125
5 0.8875 0.434375 0.0203125 0.0421875
5 0.384375 0.453125 0.0171875 0.096875
5 0.9078125 0.440625 0.0171875 0.0640625
5 0.2953125 0.459375 0.0140625 0.0640625
5 0.8453125 0.4453125 0.0171875 0.09375
5 0.5375 0.45625 0.021875 0.096875
5 0.5859375 0.459375 0.0203125 0.1109375
5 0.2515625 0.4703125 0.01875 0.1046875
5 0.5109375 0.4640625 0.015625 0.0953125
5 0.496875 0.465625 0.0171875 0.109375
5 0.778125 0.45625 0.0203125 0.071875
5 0.284375 0.4734375 0.01875 0.0953125
5 0.1265625 0.478125 0.021875 0.096875
5 0.0609375 0.48125 0.0203125 0.096875
5 0.3109375 0.48125 0.0234375 0.0984375
5 0.8890625 0.465625 0.025 0.0484375
5 0.0140625 0.49375 0.0171875 0.0390625
5 0.8703125 0.46875 0.0234375 0.0796875
5 0.8375 0.475 0.0203125 0.1015625
5 0.66875 0.48125 0.0203125 0.096875
5 0.3640625 0.490625 0.0234375 0.1015625
5 0.428125 0.49375 0.0265625 0.1171875
5 0.521875 0.4921875 0.0203125 0.10625
5 0.5515625 0.4984375 0.01875 0.096875
5 0.8125 0.49375 0.0203125 0.0609375
5 0.721875 0.496875 0.0171875 0.096875
5 0.6953125 0.5 0.0265625 0.109375
5 0.8640625 0.496875 0.0234375 0.090625
5 0.903125 0.496875 0.0203125 0.075
5 0.8875 0.503125 0.015625 0.0796875
5 0.296875 0.521875 0.028125 0.1046875
5 0.728125 0.509375 0.0203125 0.115625
5 0.65 0.5125 0.028125 0.1171875
5 0.0328125 0.534375 0.0234375 0.1265625
5 0.775 0.5125 0.0234375 0.1046875
5 0.7609375 0.51875 0.01875 0.10625
5 0.475 0.534375 0.0234375 0.103125
5 0.225 0.5515625 0.025 0.103125
5 0.9640625 0.5296875 0.025 0.121875
5 0.9484375 0.5390625 0.021875 0.13125
5 0.415625 0.5609375 0.0421875 0.134375
5 0.5890625 0.55625 0.0234375 0.1171875
5 0.0140625 0.5765625 0.0265625 0.1609375
5 0.8125 0.5515625 0.0296875 0.121875
5 0.86875 0.55625 0.0296875 0.1234375
5 0.546875 0.571875 0.0328125 0.1125
5 0.9375 0.559375 0.021875 0.121875
5 0.921875 0.5625 0.0265625 0.1140625
5 0.4546875 0.578125 0.0265625 0.14375
5 0.871875 0.575 0.0390625 0.1296875
5 0.975 0.571875 0.0375 0.134375
5 0.9 0.596875 0.0328125 0.1328125
5 0.4828125 0.6125 0.021875 0.1375
5 0.146875 0.634375 0.028125 0.1296875
5 0.109375 0.653125 0.0265625 0.1453125
5 0.2703125 0.6625 0.0296875 0.140625
5 0.296875 0.6671875 0.025 0.146875
5 0.1203125 0.696875 0.0265625 0.1578125
5 0.2421875 0.696875 0.04375 0.159375
5 0.1390625 0.703125 0.025 0.15
5 0.9203125 0.696875 0.0359375 0.1796875
5 0.54375 0.709375 0.0265625 0.16875
5 0.5125 0.7125 0.03125 0.14375
5 0.58125 0.73125 0.0328125 0.1734375
5 0.39375 0.753125 0.05625 0.1875
5 0.30625 0.8171875 0.0375 0.1875
5 0.265625 0.821875 0.0375 0.190625
5 0.9625 0.8125 0.0390625 0.18125
5 0.4109375 0.834375 0.04375 0.16875
5 0.34375 0.8421875 0.040625 0.1875
5 0.4625 0.846875 0.0421875 0.2
5 0.578125 0.846875 0.0328125 0.221875
5 0.509375 0.85625 0.0375 0.2140625
5 0.21875 0.871875 0.0390625 0.209375
5 0.7453125 0.8578125 0.04375 0.19375
5 0.075 0.884375 0.0515625 0.2140625
5 0.1765625 0.884375 0.0453125 0.1828125
5 0.7953125 0.896875 0.0421875 0.184375
5 0.1265625 0.93125 0.0453125 0.1359375
5 0.38125 0.9390625 0.05 0.1203125
5 0.4234375 0.940625 0.0453125 0.1171875
