5 0.79375 0.34375 0.034375 0.1375
5 0.7734375 0.359375 0.0328125 0.14375
5 0.753125 0.39375 0.0546875 0.209375
5 0.5046875 0.459375 0.0234375 0.1109375
5 0.484375 0.46875 0.0296875 0.1265625
5 0.3921875 0.5125 0.059375 0.2390625
5 0.4484375 0.5234375 0.071875 0.2984375
5 0.171875 0.540625 0.34375 0.9140625
5 0.934375 0.496875 0.103125 0.5140625
5 0.9734375 0.5 0.053125 0.6109375
5 0.5625 0.6015625 0.146875 0.61875
5 0.365625 0.6421875 0.13125 0.55625
5 0.7 0.5921875 0.1640625 0.6546875
5 0.88125 0.5828125 0.1859375 0.7140625
