5 0.3859375 0.64375 0.0234375 0.0828125
5 0.365625 0.6546875 0.0359375 0.1421875
5 0.240625 0.60625 0.0484375 0.175
5 0.6578125 0.8375 0.0640625 0.209375
5 0.1375 0.59375 0.0546875 0.1875
5 0.640625 0.834375 0.096875 0.234375
5 0.840625 0.9015625 0.078125 0.1953125
5 0.7171875 0.875 0.065625 0.209375
5 0.871875 0.9203125 0.0625 0.1578125
5 0.546875 0.809375 0.096875 0.315625
5 0.3421875 0.7140625 0.06875 0.2578125
5 0.29375 0.696875 0.06875 0.2609375
5 0.5875 0.846875 0.0890625 0.278125
5 0.490625 0.803125 0.04375 0.1
5 0.8078125 0.896875 0.10625 0.20625
5 0.765625 0.9 0.0859375 0.196875
5 0.8921875 0.9125 0.1171875 0.171875
5 0.309375 0.7515625 0.1015625 0.3484375
5 0.2484375 0.7328125 0.096875 0.328125
