5 0.5640625 0.709375 0.0140625 0.040625
5 0.4890625 0.74375 0.0234375 0.090625
5 0.675 0.6875 0.0265625 0.078125
5 0.6625 0.696875 0.0203125 0.0703125
5 0.3875 0.8078125 0.0390625 0.1359375
5 0.703125 0.6984375 0.0328125 0.1140625
5 0.1859375 0.89375 0.0359375 0.1796875
5 0.171875 0.896875 0.040625 0.190625
5 0.5859375 0.765625 0.0546875 0.1796875
5 0.840625 0.68125 0.0453125 0.184375
5 0.43125 0.825 0.053125 0.221875
5 0.63125 0.7578125 0.046875 0.1859375
5 0.75 0.71875 0.040625 0.1921875
5 0.475 0.8171875 0.0515625 0.2125
5 0.76875 0.721875 0.0546875 0.215625
5 0.6078125 0.790625 0.0484375 0.1421875
5 0.559375 0.8078125 0.0421875 0.1109375
5 0.3390625 0.865625 0.084375 0.265625
5 0.909375 0.696875 0.08125 0.2828125
5 0.375 0.890625 0.090625 0.215625
