5 0.5109375 0.7375 0.015625 0.040625
5 0.434375 0.7140625 0.025 0.090625
5 0.6171875 0.8 0.028125 0.078125
5 0.603125 0.8 0.0203125 0.0703125
5 0.3265625 0.7 0.040625 0.1359375
5 0.640625 0.828125 0.0359375 0.1140625
5 0.1234375 0.63125 0.0390625 0.178125
5 0.109375 0.6265625 0.0453125 0.190625
5 0.51875 0.803125 0.0578125 0.1828125
5 0.7703125 0.909375 0.0484375 0.1796875
5 0.3625 0.746875 0.0578125 0.221875
5 0.5609375 0.83125 0.05 0.1875
5 0.678125 0.8796875 0.04375 0.19375
5 0.403125 0.771875 0.0546875 0.2140625
5 0.6953125 0.89375 0.0609375 0.2109375
5 0.53125 0.8421875 0.05 0.14375
5 0.484375 0.825 0.04375 0.1125
5 0.2640625 0.7375 0.0890625 0.3078125
5 0.8296875 0.915625 0.0875 0.165625
5 0.2890625 0.79375 0.09375 0.2734375
