5 0.5140625 0.615625 0.0953125 0.4234375
5 0.79375 0.575 0.0953125 0.5328125
5 0.2203125 0.728125 0.096875 0.5390625
5 0.3625 0.715625 0.1203125 0.56875
5 0.296875 0.7078125 0.221875 0.5828125
5 0.74375 0.6375 0.1375 0.61875
5 0.184375 0.734375 0.1296875 0.528125
5 0.6875 0.65625 0.1390625 0.6125
5 0.884375 0.609375 0.1453125 0.6078125
5 0.6140625 0.68125 0.221875 0.621875
5 0.153125 0.75 0.1484375 0.4984375
5 0.48125 0.7140625 0.11875 0.5703125
5 0.4375 0.71875 0.1640625 0.559375
5 0.828125 0.640625 0.1109375 0.5484375
