5 0.73125 0.365625 0.05 0.134375
5 0.81875 0.3390625 0.046875 0.1375
5 0.571875 0.4421875 0.05 0.171875
5 0.540625 0.465625 0.0421875 0.1640625
5 0.128125 0.628125 0.0578125 0.2359375
5 0.4046875 0.5421875 0.0703125 0.271875
5 0.3625 0.5609375 0.084375 0.3015625
5 0.5984375 0.4796875 0.04375 0.184375
5 0.628125 0.484375 0.0734375 0.2796875
5 0.25625 0.61875 0.06875 0.2625
5 0.1078125 0.684375 0.0671875 0.328125
5 0.8953125 0.415625 0.078125 0.2796875
5 0.4390625 0.58125 0.1109375 0.3328125
5 0.7765625 0.4640625 0.0984375 0.3453125
5 0.309375 0.65625 0.10625 0.3671875
5 0.1859375 0.709375 0.1234375 0.4921875
5 0.690625 0.546875 0.1140625 0.421875
5 0.846875 0.509375 0.1234375 0.409375
5 0.5359375 0.703125 0.171875 0.58125
