5 0.596875 0.528125 0.0125 0.065625
5 0.509375 0.525 0.025 0.15625
5 0.4765625 0.525 0.040625 0.1859375
5 0.69375 0.540625 0.040625 0.1984375
5 0.60625 0.5359375 0.0125 0.059375
5 0.746875 0.55 0.153125 0.465625
5 0.61875 0.5421875 0.01875 0.065625
5 0.8796875 0.559375 0.115625 0.515625
5 0.659375 0.5484375 0.05 0.1859375
5 0.571875 0.5453125 0.0515625 0.171875
5 0.1921875 0.528125 0.0453125 0.1859375
5 0.309375 0.540625 0.0296875 0.146875
5 0.25625 0.540625 0.0921875 0.4375
5 0.16875 0.5359375 0.025 0.1453125
5 0.834375 0.5859375 0.046875 0.134375
5 0.09375 0.54375 0.0984375 0.471875
