5 0.5 0.409375 0.021875 0.0796875
5 0.4671875 0.409375 0.0390625 0.13125
5 0.5890625 0.446875 0.03125 0.115625
5 0.5296875 0.45 0.0453125 0.209375
5 0.615625 0.4890625 0.034375 0.171875
5 0.74375 0.521875 0.0390625 0.203125
5 0.378125 0.440625 0.046875 0.225
5 0.3578125 0.4421875 0.071875 0.2875
5 0.15625 0.40625 0.065625 0.2609375
5 0.553125 0.4984375 0.0703125 0.3296875
5 0.715625 0.534375 0.059375 0.290625
5 0.4171875 0.4765625 0.090625 0.325
5 0.2703125 0.446875 0.0765625 0.2640625
5 0.2328125 0.44375 0.0625 0.2578125
5 0.6375 0.5328125 0.075 0.325
5 0.309375 0.46875 0.0609375 0.2296875
5 0.4765625 0.534375 0.065625 0.3
5 0.690625 0.603125 0.0953125 0.409375
5 0.7859375 0.6796875 0.1359375 0.5296875
