5 0.43125 0.715625 0.0203125 0.0828125
5 0.415625 0.740625 0.0296875 0.1421875
5 0.290625 0.790625 0.040625 0.175
5 0.7234375 0.6875 0.0546875 0.2078125
5 0.1921875 0.85625 0.046875 0.1875
5 0.70625 0.696875 0.0875 0.228125
5 0.909375 0.6328125 0.065625 0.24375
5 0.7859375 0.678125 0.05625 0.2078125
5 0.94375 0.634375 0.0515625 0.2234375
5 0.615625 0.746875 0.0828125 0.3125
5 0.4078125 0.8125 0.0578125 0.2578125
5 0.359375 0.8328125 0.0578125 0.2609375
5 0.6625 0.746875 0.0765625 0.2765625
5 0.5640625 0.78125 0.040625 0.096875
5 0.8875 0.678125 0.0921875 0.3140625
5 0.8453125 0.7 0.0734375 0.271875
5 0.9625 0.665625 0.075 0.3546875
5 0.3875 0.846875 0.0875 0.3015625
5 0.328125 0.8671875 0.084375 0.2625
