5 0.5953125 0.5328125 0.0140625 0.0671875
5 0.509375 0.5265625 0.028125 0.15625
5 0.475 0.5234375 0.04375 0.1875
5 0.69375 0.553125 0.04375 0.2
5 0.60625 0.5421875 0.015625 0.059375
5 0.7453125 0.565625 0.1609375 0.4734375
5 0.61875 0.55 0.01875 0.065625
5 0.878125 0.584375 0.125 0.521875
5 0.6578125 0.559375 0.0515625 0.1890625
5 0.571875 0.55 0.0546875 0.175
5 0.1921875 0.5078125 0.0484375 0.1875
5 0.309375 0.528125 0.0328125 0.146875
5 0.25625 0.525 0.1 0.4421875
5 0.16875 0.515625 0.028125 0.146875
5 0.8328125 0.60625 0.05 0.1375
5 0.09375 0.5171875 0.1078125 0.4765625
