5 0.4703125 0.34375 0.0921875 0.2171875
5 0.340625 0.45625 0.0828125 0.296875
5 0.259375 0.49375 0.084375 0.2875
5 0.2921875 0.4921875 0.0796875 0.26875
5 0.596875 0.35625 0.0484375 0.2046875
5 0.5671875 0.378125 0.0578125 0.196875
5 0.7515625 0.3109375 0.1140625 0.396875
5 0.6234375 0.390625 0.0859375 0.34375
5 0.759375 0.346875 0.121875 0.384375
5 0.53125 0.459375 0.140625 0.4046875
5 0.35625 0.5546875 0.109375 0.3890625
5 0.6484375 0.428125 0.10625 0.3921875
5 0.828125 0.35 0.1328125 0.4359375
5 0.5265625 0.50625 0.1125 0.3671875
5 0.6921875 0.4375 0.153125 0.5078125
5 0.403125 0.615625 0.153125 0.56875
5 0.503125 0.584375 0.11875 0.446875
5 0.240625 0.71875 0.1546875 0.5109375
5 0.18125 0.7625 0.1453125 0.4703125
