5 0.259375 0.5375 0.0515625 0.134375
5 0.171875 0.571875 0.0484375 0.1375
5 0.4203125 0.496875 0.0515625 0.171875
5 0.45625 0.496875 0.04375 0.1640625
5 0.8703125 0.359375 0.059375 0.2359375
5 0.596875 0.4734375 0.0734375 0.271875
5 0.6390625 0.4625 0.0875 0.3015625
5 0.4046875 0.55 0.046875 0.184375
5 0.378125 0.575 0.075 0.2828125
5 0.75 0.440625 0.0703125 0.2625
5 0.9015625 0.396875 0.0703125 0.328125
5 0.1171875 0.696875 0.08125 0.2796875
5 0.5734375 0.53125 0.1140625 0.3328125
5 0.2375 0.659375 0.1015625 0.3453125
5 0.709375 0.5125 0.109375 0.36875
5 0.834375 0.475 0.128125 0.4921875
5 0.334375 0.675 0.1171875 0.421875
5 0.1828125 0.75 0.128125 0.409375
5 0.5109375 0.709375 0.1765625 0.578125
