5 0.5046875 0.409375 0.0234375 0.08125
5 0.4703125 0.40625 0.04375 0.134375
5 0.590625 0.459375 0.0359375 0.1171875
5 0.53125 0.453125 0.053125 0.2109375
5 0.615625 0.503125 0.040625 0.171875
5 0.7421875 0.5515625 0.046875 0.203125
5 0.38125 0.4265625 0.0546875 0.2265625
5 0.3609375 0.425 0.0828125 0.290625
5 0.1625 0.3625 0.075 0.2640625
5 0.553125 0.50625 0.0828125 0.334375
5 0.7125 0.5625 0.0703125 0.2921875
5 0.4171875 0.465625 0.1015625 0.33125
5 0.2734375 0.4171875 0.0859375 0.26875
5 0.234375 0.409375 0.071875 0.2609375
5 0.6359375 0.55 0.0875 0.328125
5 0.3125 0.446875 0.06875 0.2328125
5 0.475 0.53125 0.075 0.303125
5 0.6859375 0.6265625 0.1109375 0.4140625
5 0.778125 0.715625 0.1546875 0.5359375
