5 0.15 0.2375 0.071875 0.2453125
5 0.8203125 0.534375 0.1140625 0.2234375
5 0.88125 0.565625 0.0984375 0.3
5 0.746875 0.534375 0.078125 0.18125
5 0.60625 0.571875 0.2375 0.584375
5 0.0890625 0.415625 0.178125 0.49375
5 0.2515625 0.4796875 0.24375 0.509375
5 0.89375 0.73125 0.2125 0.4890625
5 0.4375 0.5609375 0.1234375 0.4453125
5 0.509375 0.5890625 0.10625 0.4390625
5 0.70625 0.665625 0.159375 0.4546875
5 0.8171875 0.709375 0.1453125 0.4328125
5 0.16875 0.4640625 0.1453125 0.44375
5 0.3609375 0.55 0.134375 0.415625
