5 0.4484375 0.23125 0.0125 0.04375
5 0.85625 0.290625 0.015625 0.0390625
5 0.5921875 0.278125 0.0125 0.05
5 0.4375 0.2734375 0.015625 0.0546875
5 0.246875 0.2515625 0.015625 0.05625
5 0.6875 0.3078125 0.0125 0.0546875
5 0.30625 0.265625 0.0171875 0.0546875
5 0.3375 0.275 0.0140625 0.0625
5 0.325 0.275 0.015625 0.059375
5 0.48125 0.296875 0.0140625 0.0609375
5 0.7875 0.3375 0.015625 0.046875
5 0.3453125 0.284375 0.0140625 0.0625
5 0.5578125 0.309375 0.015625 0.059375
5 0.5015625 0.30625 0.0140625 0.0671875
5 0.44375 0.3 0.0140625 0.0484375
5 0.453125 0.303125 0.0140625 0.05625
5 0.38125 0.296875 0.015625 0.0578125
5 0.41875 0.3 0.015625 0.04375
5 0.8234375 0.3546875 0.0140625 0.05
5 0.571875 0.325 0.0125 0.065625
5 0.465625 0.315625 0.01875 0.059375
5 0.840625 0.3609375 0.015625 0.046875
5 0.65625 0.340625 0.015625 0.0515625
5 0.71875 0.3484375 0.01875 0.059375
5 0.7734375 0.359375 0.015625 0.0578125
5 0.803125 0.3640625 0.015625 0.059375
5 0.6421875 0.34375 0.0171875 0.0625
5 0.74375 0.3578125 0.01875 0.0703125
5 0.73125 0.3578125 0.015625 0.0640625
5 0.75625 0.359375 0.015625 0.0640625
5 0.690625 0.35625 0.015625 0.0546875
5 0.628125 0.35 0.0140625 0.0625
5 0.3984375 0.321875 0.01875 0.05625
5 0.359375 0.31875 0.0140625 0.0546875
5 0.3671875 0.31875 0.0140625 0.0609375
5 0.4109375 0.328125 0.015625 0.059375
5 0.5375 0.34375 0.015625 0.0671875
5 0.4390625 0.334375 0.01875 0.078125
5 0.3046875 0.31875 0.0203125 0.0703125
5 0.490625 0.34375 0.021875 0.0703125
5 0.790625 0.3828125 0.01875 0.065625
5 0.5546875 0.3546875 0.015625 0.0703125
5 0.5875 0.365625 0.0203125 0.075
5 0.6 0.3671875 0.0125 0.065625
5 0.6796875 0.378125 0.01875 0.071875
5 0.575 0.365625 0.0171875 0.0609375
5 0.41875 0.346875 0.0203125 0.071875
5 0.928125 0.4109375 0.021875 0.04375
5 0.9046875 0.409375 0.0234375 0.075
5 0.765625 0.3921875 0.0203125 0.05
5 0.81875 0.403125 0.015625 0.0671875
5 0.6125 0.378125 0.0234375 0.0765625
5 0.375 0.35 0.015625 0.071875
5 0.834375 0.409375 0.0234375 0.08125
5 0.665625 0.3875 0.01875 0.0625
5 0.6515625 0.390625 0.01875 0.075
5 0.7046875 0.4015625 0.0171875 0.0578125
5 0.3828125 0.3625 0.01875 0.0703125
5 0.5125 0.38125 0.015625 0.0765625
5 0.525 0.384375 0.0171875 0.078125
5 0.6921875 0.409375 0.0171875 0.0765625
5 0.7171875 0.415625 0.01875 0.0546875
5 0.871875 0.440625 0.025 0.084375
5 0.8875 0.4453125 0.021875 0.0921875
5 0.9453125 0.4546875 0.021875 0.0796875
5 0.578125 0.4125 0.015625 0.0671875
5 0.134375 0.359375 0.028125 0.075
5 0.703125 0.428125 0.0125 0.0453125
5 0.7625 0.4375 0.021875 0.078125
5 0.7828125 0.44375 0.01875 0.0625
5 0.775 0.4421875 0.015625 0.08125
5 0.2109375 0.375 0.025 0.0921875
5 0.9265625 0.4640625 0.025 0.084375
5 0.1 0.3609375 0.021875 0.0765625
5 0.8546875 0.45625 0.01875 0.08125
5 0.61875 0.428125 0.0203125 0.0671875
5 0.6390625 0.4375 0.01875 0.04375
5 0.384375 0.4046875 0.0203125 0.078125
5 0.3453125 0.4015625 0.0296875 0.0921875
5 0.1375 0.378125 0.0171875 0.0390625
5 0.96875 0.48125 0.025 0.0890625
5 0.81875 0.465625 0.0171875 0.084375
5 0.5875 0.440625 0.025 0.0953125
5 0.225 0.396875 0.0203125 0.059375
5 0.9859375 0.496875 0.01875 0.0546875
5 0.8078125 0.475 0.0203125 0.0859375
5 0.83125 0.48125 0.0234375 0.090625
5 0.6328125 0.45625 0.0234375 0.0578125
5 0.796875 0.4796875 0.015625 0.1078125
5 0.73125 0.471875 0.0234375 0.0984375
5 0.7828125 0.48125 0.021875 0.096875
5 0.1375 0.4 0.01875 0.05
5 0.3078125 0.421875 0.0203125 0.059375
5 0.115625 0.4 0.0203125 0.0453125
5 0.615625 0.4625 0.0203125 0.0984375
5 0.0953125 0.403125 0.01875 0.065625
5 0.7046875 0.4796875 0.015625 0.065625
5 0.1578125 0.4125 0.0203125 0.0953125
5 0.4640625 0.453125 0.025 0.0984375
5 0.415625 0.45 0.025 0.1140625
5 0.75 0.49375 0.021875 0.10625
5 0.490625 0.4625 0.01875 0.096875
5 0.503125 0.465625 0.0203125 0.109375
5 0.2234375 0.43125 0.021875 0.0734375
5 0.715625 0.49375 0.0203125 0.096875
5 0.8734375 0.5125 0.025 0.0984375
5 0.9390625 0.521875 0.0234375 0.0984375
5 0.6890625 0.4984375 0.028125 0.1
5 0.1125 0.428125 0.025 0.05
5 0.9859375 0.5375 0.01875 0.040625
5 0.13125 0.434375 0.025 0.0828125
5 0.1640625 0.44375 0.0234375 0.1046875
5 0.33125 0.465625 0.0234375 0.1
5 0.6359375 0.503125 0.0265625 0.1046875
5 0.571875 0.5 0.03125 0.1171875
5 0.478125 0.490625 0.025 0.109375
5 0.4484375 0.49375 0.021875 0.096875
5 0.1875 0.4640625 0.021875 0.0640625
5 0.278125 0.4765625 0.0203125 0.0984375
5 0.3046875 0.48125 0.0296875 0.1109375
5 0.1359375 0.4625 0.0265625 0.09375
5 0.096875 0.459375 0.021875 0.078125
5 0.1125 0.465625 0.0171875 0.08125
5 0.7015625 0.540625 0.03125 0.10625
5 0.271875 0.4875 0.0234375 0.1171875
5 0.3484375 0.496875 0.03125 0.11875
5 0.965625 0.578125 0.0265625 0.1296875
5 0.225 0.4875 0.0265625 0.10625
5 0.2390625 0.49375 0.021875 0.1078125
5 0.5234375 0.5359375 0.0265625 0.10625
5 0.7734375 0.578125 0.028125 0.1046875
5 0.0359375 0.4875 0.028125 0.125
5 0.05 0.496875 0.0234375 0.134375
5 0.58125 0.56875 0.046875 0.1375
5 0.409375 0.546875 0.028125 0.11875
5 0.9828125 0.621875 0.03125 0.1625
5 0.1859375 0.521875 0.0328125 0.121875
5 0.1296875 0.521875 0.0328125 0.125
5 0.4515625 0.565625 0.0359375 0.115625
5 0.0625 0.51875 0.025 0.125
5 0.0765625 0.521875 0.0296875 0.115625
5 0.54375 0.58125 0.0296875 0.1453125
5 0.1265625 0.540625 0.040625 0.1328125
5 0.025 0.528125 0.040625 0.1375
5 0.0984375 0.559375 0.0359375 0.1328125
5 0.5140625 0.6125 0.025 0.140625
5 0.8484375 0.6671875 0.03125 0.1296875
5 0.8859375 0.6890625 0.03125 0.1453125
5 0.725 0.684375 0.0328125 0.140625
5 0.696875 0.6859375 0.028125 0.1484375
5 0.8734375 0.7328125 0.03125 0.159375
5 0.7515625 0.71875 0.0484375 0.1625
5 0.853125 0.7359375 0.0296875 0.1515625
5 0.0734375 0.659375 0.040625 0.1828125
5 0.45 0.70625 0.03125 0.171875
5 0.48125 0.7125 0.0359375 0.1453125
5 0.4109375 0.721875 0.0390625 0.175
5 0.596875 0.7609375 0.0625 0.1921875
5 0.684375 0.834375 0.04375 0.190625
5 0.725 0.8421875 0.04375 0.19375
5 0.028125 0.7703125 0.0453125 0.184375
5 0.578125 0.840625 0.046875 0.171875
5 0.6453125 0.85625 0.046875 0.190625
5 0.5265625 0.85 0.0484375 0.203125
5 0.4109375 0.840625 0.0390625 0.221875
5 0.4796875 0.85625 0.04375 0.2171875
5 0.76875 0.8953125 0.0453125 0.2078125
5 0.24375 0.834375 0.05 0.196875
5 0.9125 0.90625 0.0578125 0.184375
5 0.8125 0.909375 0.053125 0.1796875
5 0.19375 0.8703125 0.046875 0.1875
5 0.859375 0.946875 0.0484375 0.1046875
5 0.60625 0.94375 0.053125 0.1109375
5 0.5640625 0.9421875 0.0484375 0.1125
