5 0.7484375 0.759375 0.0890625 0.2625
5 0.503125 0.8 0.09375 0.303125
5 0.540625 0.8 0.0515625 0.2609375
5 0.2296875 0.85 0.0484375 0.275
5 0.584375 0.796875 0.065625 0.2375
5 0.453125 0.81875 0.0625 0.234375
5 0.334375 0.840625 0.04375 0.2421875
5 0.6421875 0.79375 0.0515625 0.2703125
5 0.66875 0.790625 0.0703125 0.2671875
5 0.2875 0.85 0.08125 0.290625
5 0.3875 0.834375 0.0828125 0.265625
5 0.8515625 0.765625 0.0734375 0.265625
5 0.321875 0.846875 0.0765625 0.278125
5 0.1890625 0.865625 0.078125 0.2640625
5 0.75 0.78125 0.0828125 0.2640625
5 0.134375 0.871875 0.05625 0.25625
5 0.265625 0.8515625 0.0859375 0.2953125
5 0.80625 0.778125 0.0578125 0.2796875
5 0.215625 0.86875 0.0515625 0.234375
5 0.4734375 0.828125 0.0828125 0.265625
5 0.9125 0.7625 0.0578125 0.265625
5 0.6265625 0.8078125 0.09375 0.2359375
5 0.909375 0.765625 0.0484375 0.2421875
5 0.421875 0.8421875 0.059375 0.246875
5 0.7109375 0.796875 0.0890625 0.265625
5 0.878125 0.778125 0.0375 0.2515625
5 0.15 0.88125 0.0921875 0.234375
