5 0.4953125 0.615625 0.0625 0.4125
5 0.215625 0.646875 0.0546875 0.5234375
5 0.7953125 0.65625 0.05625 0.53125
5 0.653125 0.684375 0.0765625 0.5625
5 0.7203125 0.690625 0.175 0.615625
5 0.26875 0.696875 0.0921875 0.6015625
5 0.834375 0.696875 0.0828125 0.6015625
5 0.328125 0.7015625 0.09375 0.5953125
5 0.128125 0.703125 0.1 0.5875
5 0.4015625 0.70625 0.178125 0.584375
5 0.86875 0.709375 0.1046875 0.5765625
5 0.5375 0.7140625 0.075 0.5703125
5 0.5796875 0.715625 0.1203125 0.5640625
5 0.184375 0.721875 0.0703125 0.5359375
