5 0.2625 0.5609375 0.0421875 0.190625
5 0.2234375 0.559375 0.071875 0.2234375
5 0.8875 0.7578125 0.06875 0.371875
5 0.096875 0.546875 0.0625 0.23125
5 0.6171875 0.696875 0.0890625 0.3875
5 0.5 0.665625 0.0625 0.2890625
5 0.840625 0.759375 0.1234375 0.4546875
5 0.58125 0.69375 0.075 0.35625
5 0.2375 0.603125 0.04375 0.2390625
5 0.534375 0.7 0.13125 0.5078125
5 0.7125 0.7609375 0.0828125 0.4375
5 0.659375 0.746875 0.1375 0.5
5 0.328125 0.68125 0.1734375 0.571875
5 0.4328125 0.715625 0.134375 0.5484375
5 0.765625 0.78125 0.1609375 0.434375
5 0.175 0.684375 0.1359375 0.46875
