5 0.2078125 0.415625 0.03125 0.1296875
5 0.609375 0.6578125 0.0671875 0.428125
5 0.8921875 0.684375 0.0578125 0.3015625
5 0.39375 0.646875 0.0671875 0.3671875
5 0.4265625 0.6515625 0.0609375 0.3609375
5 0.334375 0.646875 0.0859375 0.5296875
5 0.1546875 0.634375 0.1328125 0.540625
5 0.84375 0.7 0.065625 0.390625
5 0.125 0.6390625 0.075 0.440625
5 0.76875 0.7015625 0.0515625 0.36875
5 0.571875 0.684375 0.0625 0.4015625
5 0.8125 0.709375 0.090625 0.3796875
5 0.2890625 0.6609375 0.0359375 0.4265625
5 0.6765625 0.703125 0.0515625 0.371875
5 0.6359375 0.7 0.090625 0.4140625
5 0.5296875 0.69375 0.0859375 0.415625
5 0.70625 0.715625 0.090625 0.3765625
5 0.45625 0.6984375 0.0765625 0.4375
5 0.253125 0.68125 0.0984375 0.475
5 0.2328125 0.684375 0.059375 0.428125
