5 0.86875 0.44375 0.046875 0.1890625
5 0.9015625 0.44375 0.053125 0.1953125
5 0.6140625 0.565625 0.0671875 0.33125
5 0.8328125 0.49375 0.0734375 0.290625
5 0.175 0.728125 0.2 0.53125
5 0.5890625 0.590625 0.0828125 0.378125
5 0.309375 0.69375 0.16875 0.53125
5 0.771875 0.5375 0.140625 0.4453125
5 0.475 0.640625 0.109375 0.43125
5 0.696875 0.565625 0.10625 0.434375
5 0.43125 0.659375 0.0859375 0.3953125
5 0.3859375 0.6921875 0.1359375 0.553125
5 0.5375 0.646875 0.165625 0.5515625
5 0.653125 0.61875 0.1109375 0.4796875
