5 0.784375 0.353125 0.0390625 0.134375
5 0.403125 0.6796875 0.09375 0.434375
5 0.1234375 0.76875 0.0765625 0.309375
5 0.615625 0.621875 0.090625 0.375
5 0.5828125 0.634375 0.0859375 0.3671875
5 0.675 0.609375 0.1203125 0.5375
5 0.853125 0.5578125 0.1671875 0.559375
5 0.1734375 0.771875 0.0921875 0.396875
5 0.88125 0.55625 0.103125 0.446875
5 0.246875 0.759375 0.0765625 0.371875
5 0.440625 0.6984375 0.0890625 0.40625
5 0.2046875 0.775 0.1140625 0.390625
5 0.7203125 0.6140625 0.065625 0.4265625
5 0.3375 0.740625 0.0765625 0.3765625
5 0.378125 0.728125 0.1171875 0.425
5 0.484375 0.7 0.1125 0.4265625
5 0.309375 0.759375 0.115625 0.3890625
5 0.5578125 0.6875 0.10625 0.446875
5 0.75625 0.628125 0.1296875 0.4875
5 0.778125 0.625 0.0875 0.4328125
