5 0.8546875 0.69375 0.046875 0.1890625
5 0.884375 0.715625 0.053125 0.1953125
5 0.590625 0.6375 0.0671875 0.33125
5 0.809375 0.715625 0.0734375 0.290625
5 0.1515625 0.49375 0.2 0.53125
5 0.5625 0.64375 0.0828125 0.378125
5 0.28125 0.553125 0.16875 0.53125
5 0.74375 0.715625 0.140625 0.4453125
5 0.446875 0.615625 0.109375 0.43125
5 0.66875 0.69375 0.10625 0.434375
5 0.4015625 0.603125 0.0859375 0.3953125
5 0.3546875 0.603125 0.1359375 0.553125
5 0.503125 0.6609375 0.165625 0.5515625
5 0.6171875 0.7125 0.1109375 0.4796875
