5 0.9640625 0.690625 0.0703125 0.371875
5 0.7484375 0.68125 0.06875 0.3828125
5 0.84375 0.690625 0.06875 0.3875
5 0.903125 0.703125 0.065625 0.359375
5 0.565625 0.684375 0.0546875 0.409375
5 0.434375 0.684375 0.078125 0.4015625
5 0.63125 0.7 0.0703125 0.365625
5 0.1328125 0.671875 0.05625 0.353125
5 0.33125 0.690625 0.090625 0.4546875
5 0.1953125 0.684375 0.071875 0.39375
5 0.521875 0.70625 0.0640625 0.39375
5 0.7078125 0.725 0.0671875 0.34375
5 0.10625 0.696875 0.1109375 0.4203125
5 0.2671875 0.709375 0.05625 0.3640625
5 0.23125 0.7140625 0.0921875 0.428125
