5 0.7421875 0.2765625 0.0546875 0.1203125
5 0.4171875 0.325 0.0515625 0.2390625
5 0.35 0.3203125 0.046875 0.25625
5 0.484375 0.3421875 0.0453125 0.234375
5 0.328125 0.3296875 0.034375 0.2328125
5 0.1921875 0.33125 0.0875 0.446875
5 0.30625 0.359375 0.0703125 0.371875
5 0.14375 0.34375 0.0515625 0.3484375
5 0.2796875 0.3625 0.0765625 0.359375
5 0.2296875 0.365625 0.0609375 0.34375
5 0.375 0.3828125 0.059375 0.3
5 0.1 0.38125 0.053125 0.4515625
5 0.85 0.525 0.0828125 0.54375
5 0.884375 0.54375 0.0875 0.6765625
