5 0.0328125 0.6609375 0.0625 0.36875
5 0.2484375 0.665625 0.0625 0.378125
5 0.153125 0.66875 0.0609375 0.384375
5 0.0921875 0.678125 0.0578125 0.35625
5 0.43125 0.68125 0.046875 0.40625
5 0.5625 0.6890625 0.0703125 0.396875
5 0.3640625 0.690625 0.0640625 0.3609375
5 0.8625 0.69375 0.05 0.35
5 0.6640625 0.7 0.0828125 0.45
5 0.8 0.703125 0.0640625 0.3890625
5 0.475 0.70625 0.05625 0.390625
5 0.2875 0.7109375 0.0609375 0.3390625
5 0.890625 0.721875 0.103125 0.4140625
5 0.728125 0.725 0.0484375 0.3609375
5 0.765625 0.73125 0.0828125 0.421875
