5 0.14375 0.7 0.040625 0.2265625
5 0.49375 0.73125 0.078125 0.2296875
5 0.184375 0.68125 0.0390625 0.1765625
5 0.225 0.6625 0.0359375 0.1515625
5 0.31875 0.684375 0.0203125 0.1375
5 0.346875 0.6703125 0.034375 0.153125
5 0.3828125 0.6609375 0.0390625 0.14375
5 0.53125 0.653125 0.0421875 0.128125
5 0.5578125 0.684375 0.0359375 0.1640625
5 0.5875 0.690625 0.03125 0.1359375
5 0.628125 0.640625 0.01875 0.103125
5 0.690625 0.6359375 0.028125 0.09375
5 0.725 0.6421875 0.01875 0.0984375
5 0.6484375 0.640625 0.0171875 0.090625
